Age,male,female,male(not Thai),female(not Thai),Times,total (Thai),total (not Thai),total
0,361751,341173,19214,18148,2015-05-31,702924,37362,740286
1,375332,353923,17954,16998,2015-05-31,729255,34952,764207
2,406329,382873,14284,13178,2015-05-31,789202,27462,816664
3,411107,387323,8525,7851,2015-05-31,798430,16376,814806
4,386174,365656,5027,4742,2015-05-31,751830,9769,761599
5,395641,373553,3247,2970,2015-05-31,769194,6217,775411
6,400854,378186,3308,3089,2015-05-31,779040,6397,785437
7,404384,382150,3239,3040,2015-05-31,786534,6279,792813
8,411375,387811,2984,2800,2015-05-31,799186,5784,804970
9,408973,386160,2840,2650,2015-05-31,795133,5490,800623
10,416475,395054,3107,2948,2015-05-31,811529,6055,817584
11,410220,388275,3596,3339,2015-05-31,798495,6935,805430
12,404651,382649,2850,2644,2015-05-31,787300,5494,792794
13,406402,385145,2694,2498,2015-05-31,791547,5192,796739
14,421444,400159,2247,2067,2015-05-31,821603,4314,825917
15,433986,410874,1956,1967,2015-05-31,844860,3923,848783
16,436045,414329,2238,2153,2015-05-31,850374,4391,854765
17,490411,467183,2529,2322,2015-05-31,957594,4851,962445
18,506683,482783,2395,2307,2015-05-31,989466,4702,994168
19,500068,476863,1791,1802,2015-05-31,976931,3593,980524
20,493597,470667,1754,1712,2015-05-31,964264,3466,967730
21,483662,464702,1918,1887,2015-05-31,948364,3805,952169
22,486790,466626,1988,1865,2015-05-31,953416,3853,957269
23,495734,477086,1551,1504,2015-05-31,972820,3055,975875
24,488043,469656,1621,1593,2015-05-31,957699,3214,960913
25,471372,456112,1448,1472,2015-05-31,927484,2920,930404
26,463740,448697,1489,1533,2015-05-31,912437,3022,915459
27,441336,429923,1406,1321,2015-05-31,871259,2727,873986
28,458323,448796,1725,1651,2015-05-31,907119,3376,910495
29,477609,468016,1531,1638,2015-05-31,945625,3169,948794
30,488690,481410,1534,1678,2015-05-31,970100,3212,973312
31,486481,479677,1843,2148,2015-05-31,966158,3991,970149
32,508522,504171,1746,2053,2015-05-31,1012693,3799,1016492
33,521261,517728,1959,2278,2015-05-31,1038989,4237,1043226
34,519322,516871,2465,2899,2015-05-31,1036193,5364,1041557
35,524151,524317,2230,2491,2015-05-31,1048468,4721,1053189
36,516381,517394,2989,3333,2015-05-31,1033775,6322,1040097
37,511585,517669,2169,2298,2015-05-31,1029254,4467,1033721
38,538752,548760,2505,2807,2015-05-31,1087512,5312,1092824
39,511481,522473,2540,2626,2015-05-31,1033954,5166,1039120
40,524911,540929,2463,2667,2015-05-31,1065840,5130,1070970
41,518483,536236,3340,3218,2015-05-31,1054719,6558,1061277
42,510542,535575,2754,2725,2015-05-31,1046117,5479,1051596
43,526344,553002,2645,2521,2015-05-31,1079346,5166,1084512
44,538421,570446,2976,2954,2015-05-31,1108867,5930,1114797
45,511095,544252,2415,2380,2015-05-31,1055347,4795,1060142
46,515665,556016,3407,3297,2015-05-31,1071681,6704,1078385
47,523839,561433,2497,2055,2015-05-31,1085272,4552,1089824
48,484442,524062,2501,2179,2015-05-31,1008504,4680,1013184
49,502288,548115,2545,2161,2015-05-31,1050403,4706,1055109
50,493968,542531,2430,2016,2015-05-31,1036499,4446,1040945
51,470952,515747,2965,2455,2015-05-31,986699,5420,992119
52,454493,495301,2557,1980,2015-05-31,949794,4537,954331
53,448375,489073,2241,1611,2015-05-31,937448,3852,941300
54,419996,463140,2650,2077,2015-05-31,883136,4727,887863
55,423961,471889,2237,1525,2015-05-31,895850,3762,899612
56,390844,436341,2565,2136,2015-05-31,827185,4701,831886
57,361546,406852,2090,1487,2015-05-31,768398,3577,771975
58,342108,385759,2299,1568,2015-05-31,727867,3867,731734
59,331381,375023,2131,1423,2015-05-31,706404,3554,709958
60,323291,372387,1986,1305,2015-05-31,695678,3291,698969
61,294666,339844,2193,1476,2015-05-31,634510,3669,638179
62,288082,333601,2017,1191,2015-05-31,621683,3208,624891
63,272021,316085,1733,960,2015-05-31,588106,2693,590799
64,255092,299497,2019,1118,2015-05-31,554589,3137,557726
65,246961,291557,1795,829,2015-05-31,538518,2624,541142
66,223295,263064,2052,1089,2015-05-31,486359,3141,489500
67,199497,235358,1731,796,2015-05-31,434855,2527,437382
68,185668,221844,1702,811,2015-05-31,407512,2513,410025
69,162575,197076,1649,820,2015-05-31,359651,2469,362120
70,152800,184383,1597,783,2015-05-31,337183,2380,339563
71,148630,178651,1796,933,2015-05-31,327281,2729,330010
72,134011,166129,1600,910,2015-05-31,300140,2510,302650
73,137972,173070,1444,853,2015-05-31,311042,2297,313339
74,123945,156567,1475,971,2015-05-31,280512,2446,282958
75,115046,149818,1385,835,2015-05-31,264864,2220,267084
76,115535,148699,1351,1034,2015-05-31,264234,2385,266619
77,104691,140245,1265,857,2015-05-31,244936,2122,247058
78,94188,127957,1155,846,2015-05-31,222145,2001,224146
79,88403,123728,1250,961,2015-05-31,212131,2211,214342
80,76962,106999,1121,713,2015-05-31,183961,1834,185795
81,72635,102325,1062,719,2015-05-31,174960,1781,176741
82,62897,91731,1018,654,2015-05-31,154628,1672,156300
83,56362,82706,1090,650,2015-05-31,139068,1740,140808
84,46076,71243,1155,644,2015-05-31,117319,1799,119118
85,41452,62841,1245,621,2015-05-31,104293,1866,106159
86,34283,53508,1240,648,2015-05-31,87791,1888,89679
87,31253,49423,1184,653,2015-05-31,80676,1837,82513
88,22969,37185,935,622,2015-05-31,60154,1557,61711
89,20258,32769,748,551,2015-05-31,53027,1299,54326
90,14988,24437,762,582,2015-05-31,39425,1344,40769
91,12373,19562,697,636,2015-05-31,31935,1333,33268
92,10683,16884,685,612,2015-05-31,27567,1297,28864
93,8358,12974,669,612,2015-05-31,21332,1281,22613
94,7489,11345,581,566,2015-05-31,18834,1147,19981
95,5467,8337,579,482,2015-05-31,13804,1061,14865
96,3388,5108,437,412,2015-05-31,8496,849,9345
97,3472,5176,483,364,2015-05-31,8648,847,9495
98,2802,4127,504,389,2015-05-31,6929,893,7822
99,2713,3871,538,292,2015-05-31,6584,830,7414
100,1908,2386,450,276,2015-05-31,4294,726,5020
101,10621,12942,4554,2204,2015-05-31,23563,6758,30321
0,350649,332506,23735,22375,2015-12-31,683155,46110,729265
1,375529,354135,24402,22992,2015-12-31,729664,47394,777058
2,383814,361587,21771,20577,2015-12-31,745401,42348,787749
3,410423,387629,17617,16216,2015-12-31,798052,33833,831885
4,402011,379219,12242,11498,2015-12-31,781230,23740,804970
5,387751,366804,8198,7851,2015-12-31,754555,16049,770604
6,399669,376835,6005,5457,2015-12-31,776504,11462,787966
7,402048,379485,4763,4390,2015-12-31,781533,9153,790686
8,410891,388208,3891,3707,2015-12-31,799099,7598,806697
9,407682,384336,4018,3770,2015-12-31,792018,7788,799806
10,412080,390496,4298,4174,2015-12-31,802576,8472,811048
11,417170,395329,6048,5814,2015-12-31,812499,11862,824361
12,406104,383697,6473,6253,2015-12-31,789801,12726,802527
13,407281,385634,5858,5732,2015-12-31,792915,11590,804505
14,408895,387233,6356,6005,2015-12-31,796128,12361,808489
15,430374,409583,6217,6189,2015-12-31,839957,12406,852363
16,430481,407696,6257,6019,2015-12-31,838177,12276,850453
17,458592,437078,6254,5841,2015-12-31,895670,12095,907765
18,496744,473045,6589,6093,2015-12-31,969789,12682,982471
19,507307,483256,6156,5875,2015-12-31,990563,12031,1002594
20,500655,479490,5495,5261,2015-12-31,980145,10756,990901
21,484408,462574,5242,5103,2015-12-31,946982,10345,957327
22,486499,467375,5243,5116,2015-12-31,953874,10359,964233
23,493858,475273,5151,5017,2015-12-31,969131,10168,979299
24,491336,472541,4378,4234,2015-12-31,963877,8612,972489
25,483725,467977,4227,4299,2015-12-31,951702,8526,960228
26,464040,448613,3812,4058,2015-12-31,912653,7870,920523
27,453624,439729,3846,4236,2015-12-31,893353,8082,901435
28,449937,440490,4122,4363,2015-12-31,890427,8485,898912
29,465427,455945,4284,4781,2015-12-31,921372,9065,930437
30,483631,475053,3970,4535,2015-12-31,958684,8505,967189
31,486741,479831,4178,4718,2015-12-31,966572,8896,975468
32,497354,492845,4301,5010,2015-12-31,990199,9311,999510
33,514272,511258,4594,5324,2015-12-31,1025530,9918,1035448
34,514197,511791,4792,5556,2015-12-31,1025988,10348,1036336
35,524987,522942,5037,5589,2015-12-31,1047929,10626,1058555
36,524998,526184,4762,5245,2015-12-31,1051182,10007,1061189
37,506815,511694,5133,5518,2015-12-31,1018509,10651,1029160
38,531585,539022,4689,4878,2015-12-31,1070607,9567,1080174
39,524079,535665,4780,5006,2015-12-31,1059744,9786,1069530
40,513924,527385,4508,4672,2015-12-31,1041309,9180,1050489
41,521751,539268,4444,4540,2015-12-31,1061019,8984,1070003
42,509842,530751,4929,4846,2015-12-31,1040593,9775,1050368
43,523965,550493,4560,4379,2015-12-31,1074458,8939,1083397
44,529535,562196,4505,4316,2015-12-31,1091731,8821,1100552
45,519074,550481,4489,4352,2015-12-31,1069555,8841,1078396
46,508567,545411,3830,3790,2015-12-31,1053978,7620,1061598
47,525006,566149,4539,4353,2015-12-31,1091155,8892,1100047
48,501862,540302,3724,3274,2015-12-31,1042164,6998,1049162
49,487764,532573,3611,3394,2015-12-31,1020337,7005,1027342
50,493730,539326,3608,3123,2015-12-31,1033056,6731,1039787
51,489127,539438,3381,2963,2015-12-31,1028565,6344,1034909
52,460349,503517,3671,3272,2015-12-31,963866,6943,970809
53,448528,489796,3370,2831,2015-12-31,938324,6201,944525
54,427286,469193,2985,2490,2015-12-31,896479,5475,901954
55,423331,472169,3452,2836,2015-12-31,895500,6288,901788
56,405304,450938,2943,2318,2015-12-31,856242,5261,861503
57,369579,416951,3166,2698,2015-12-31,786530,5864,792394
58,355325,402018,2913,2249,2015-12-31,757343,5162,762505
59,327712,368264,2873,2325,2015-12-31,695976,5198,701174
60,305004,346827,2619,1930,2015-12-31,651831,4549,656380
61,309200,358629,2441,1809,2015-12-31,667829,4250,672079
62,286346,332772,2590,1887,2015-12-31,619118,4477,623595
63,280167,325654,2448,1593,2015-12-31,605821,4041,609862
64,262487,307013,2161,1374,2015-12-31,569500,3535,573035
65,248645,293864,2453,1570,2015-12-31,542509,4023,546532
66,239529,285608,2137,1162,2015-12-31,525137,3299,528436
67,213416,252812,2271,1307,2015-12-31,466228,3578,469806
68,193503,230031,2017,1080,2015-12-31,423534,3097,426631
69,175966,211859,1888,1078,2015-12-31,387825,2966,390791
70,156117,191174,1797,1024,2015-12-31,347291,2821,350112
71,150404,181078,1789,994,2015-12-31,331482,2783,334265
72,139388,171178,1874,1050,2015-12-31,310566,2924,313490
73,132461,164651,1630,1040,2015-12-31,297112,2670,299782
74,130411,165495,1546,1019,2015-12-31,295906,2565,298471
75,114406,148123,1588,1121,2015-12-31,262529,2709,265238
76,115598,149653,1443,953,2015-12-31,265251,2396,267647
77,109653,144281,1399,1124,2015-12-31,253934,2523,256457
78,97476,132820,1279,929,2015-12-31,230296,2208,232504
79,89667,123670,1140,922,2015-12-31,213337,2062,215399
80,81077,115268,1283,1022,2015-12-31,196345,2305,198650
81,73404,102492,1135,765,2015-12-31,175896,1900,177796
82,66328,96547,1054,763,2015-12-31,162875,1817,164692
83,59771,87246,1028,687,2015-12-31,147017,1715,148732
84,49454,75389,1096,665,2015-12-31,124843,1761,126604
85,42679,65960,1144,674,2015-12-31,108639,1818,110457
86,36878,57320,1219,632,2015-12-31,94198,1851,96049
87,31821,50171,1246,654,2015-12-31,81992,1900,83892
88,26832,42994,1160,665,2015-12-31,69826,1825,71651
89,20713,33879,845,618,2015-12-31,54592,1463,56055
90,17466,28471,720,541,2015-12-31,45937,1261,47198
91,13040,21357,719,539,2015-12-31,34397,1258,35655
92,11192,17444,684,613,2015-12-31,28636,1297,29933
93,9127,14461,654,558,2015-12-31,23588,1212,24800
94,7639,11564,623,594,2015-12-31,19203,1217,20420
95,6437,9606,577,518,2015-12-31,16043,1095,17138
96,4485,6788,547,460,2015-12-31,11273,1007,12280
97,3199,4605,424,366,2015-12-31,7804,790,8594
98,3040,4440,458,336,2015-12-31,7480,794,8274
99,2673,3774,521,365,2015-12-31,6447,886,7333
100,2240,3142,486,278,2015-12-31,5382,764,6146
101,11269,13576,4826,2301,2015-12-31,24845,7127,31972
0,348727,330892,24059,22676,2016-05-31,679619,46735,726354
1,365638,345269,24128,22773,2016-05-31,710907,46901,757808
2,375416,354159,23341,22170,2016-05-31,729575,45511,775086
3,406445,383103,19647,18274,2016-05-31,789548,37921,827469
4,411255,387558,13836,12787,2016-05-31,798813,26623,825436
5,386319,365881,9768,9287,2016-05-31,752200,19055,771255
6,395779,373740,6648,6130,2016-05-31,769519,12778,782297
7,401001,378379,5233,4861,2016-05-31,779380,10094,789474
8,404542,382375,4064,3796,2016-05-31,786917,7860,794777
9,411554,388028,3934,3691,2016-05-31,799582,7625,807207
10,409148,386385,4216,3962,2016-05-31,795533,8178,803711
11,416639,395227,5135,5045,2016-05-31,811866,10180,822046
12,410371,388490,6512,6252,2016-05-31,798861,12764,811625
13,404682,382887,6042,5859,2016-05-31,787569,11901,799470
14,406369,385310,6328,6016,2016-05-31,791679,12344,804023
15,421242,400338,6285,6018,2016-05-31,821580,12303,833883
16,433676,411037,6164,6092,2016-05-31,844713,12256,856969
17,435661,414409,6334,6015,2016-05-31,850070,12349,862419
18,489773,467255,6428,6025,2016-05-31,957028,12453,969481
19,506041,482829,6551,5996,2016-05-31,988870,12547,1001417
20,499337,476846,5570,5378,2016-05-31,976183,10948,987131
21,492945,470607,5262,5127,2016-05-31,963552,10389,973941
22,482982,464667,5251,5140,2016-05-31,947649,10391,958040
23,486107,466600,5342,5080,2016-05-31,952707,10422,963129
24,494959,477020,4438,4392,2016-05-31,971979,8830,980809
25,487239,469514,4398,4423,2016-05-31,956753,8821,965574
26,470583,455967,3824,4004,2016-05-31,926550,7828,934378
27,462881,448523,3981,4350,2016-05-31,911404,8331,919735
28,440485,429766,3880,4140,2016-05-31,870251,8020,878271
29,457394,448593,4469,4855,2016-05-31,905987,9324,915311
30,476612,467759,4012,4570,2016-05-31,944371,8582,952953
31,487586,481090,4042,4539,2016-05-31,968676,8581,977257
32,485313,479297,4339,5110,2016-05-31,964610,9449,974059
33,507163,503836,4487,5189,2016-05-31,1010999,9676,1020675
34,519856,517291,4804,5520,2016-05-31,1037147,10324,1047471
35,517689,516359,5182,5832,2016-05-31,1034048,11014,1045062
36,522407,523722,4545,5026,2016-05-31,1046129,9571,1055700
37,514561,516826,5404,5915,2016-05-31,1031387,11319,1042706
38,509501,516964,4520,4644,2016-05-31,1026465,9164,1035629
39,536474,547945,4947,5294,2016-05-31,1084419,10241,1094660
40,509189,521657,4551,4644,2016-05-31,1030846,9195,1040041
41,522503,540017,4260,4472,2016-05-31,1062520,8732,1071252
42,515876,535311,5105,4940,2016-05-31,1051187,10045,1061232
43,507850,534556,4586,4427,2016-05-31,1042406,9013,1051419
44,523410,551814,4469,4252,2016-05-31,1075224,8721,1083945
45,535325,569139,4665,4608,2016-05-31,1104464,9273,1113737
46,507992,542983,3683,3607,2016-05-31,1050975,7290,1058265
47,512368,554556,4762,4583,2016-05-31,1066924,9345,1076269
48,520347,559815,3636,3211,2016-05-31,1080162,6847,1087009
49,481065,522437,3692,3477,2016-05-31,1003502,7169,1010671
50,498461,546334,3589,3168,2016-05-31,1044795,6757,1051552
51,490083,540619,3313,2885,2016-05-31,1030702,6198,1036900
52,466883,513782,3783,3326,2016-05-31,980665,7109,987774
53,450425,493325,3398,2838,2016-05-31,943750,6236,949986
54,444058,486902,3033,2491,2016-05-31,930960,5524,936484
55,415757,461022,3457,2921,2016-05-31,876779,6378,883157
56,419262,469449,2890,2182,2016-05-31,888711,5072,893783
57,386236,433975,3293,2847,2016-05-31,820211,6140,826351
58,357033,404508,2782,2185,2016-05-31,761541,4967,766508
59,337657,383382,3025,2404,2016-05-31,721039,5429,726468
60,326946,372488,2666,1993,2016-05-31,699434,4659,704093
61,318352,369480,2485,1753,2016-05-31,687832,4238,692070
62,290076,337002,2632,1927,2016-05-31,627078,4559,631637
63,283168,330443,2492,1590,2016-05-31,613611,4082,617693
64,267216,312842,2204,1405,2016-05-31,580058,3609,583667
65,250131,296083,2463,1567,2016-05-31,546214,4030,550244
66,241731,287942,2142,1146,2016-05-31,529673,3288,532961
67,218373,259478,2349,1366,2016-05-31,477851,3715,481566
68,194600,231800,2037,1037,2016-05-31,426400,3074,429474
69,180666,218272,1980,1122,2016-05-31,398938,3102,402040
70,157976,193454,1860,1038,2016-05-31,351430,2898,354328
71,148100,180579,1787,944,2016-05-31,328679,2731,331410
72,143705,174715,1946,1092,2016-05-31,318420,3038,321458
73,129199,162206,1700,1025,2016-05-31,291405,2725,294130
74,132631,168394,1546,1001,2016-05-31,301025,2547,303572
75,118793,151884,1570,1129,2016-05-31,270677,2699,273376
76,109850,144911,1445,916,2016-05-31,254761,2361,257122
77,109865,143532,1427,1122,2016-05-31,253397,2549,255946
78,99063,134861,1306,929,2016-05-31,233924,2235,236159
79,88721,122298,1185,927,2016-05-31,211019,2112,213131
80,83002,117659,1248,1009,2016-05-31,200661,2257,202918
81,71766,101078,1122,761,2016-05-31,172844,1883,174727
82,67116,96107,1066,754,2016-05-31,163223,1820,165043
83,57626,85646,1004,691,2016-05-31,143272,1695,144967
84,51447,76581,1060,655,2016-05-31,128028,1715,129743
85,41635,65568,1125,659,2016-05-31,107203,1784,108987
86,37277,57280,1195,621,2016-05-31,94557,1816,96373
87,30415,48252,1192,634,2016-05-31,78667,1826,80493
88,27665,43996,1113,635,2016-05-31,71661,1748,73409
89,20165,32713,874,616,2016-05-31,52878,1490,54368
90,17642,28591,702,525,2016-05-31,46233,1227,47460
91,12912,20984,712,517,2016-05-31,33896,1229,35125
92,10729,16696,638,578,2016-05-31,27425,1216,28641
93,9162,14235,641,551,2016-05-31,23397,1192,24589
94,7227,10888,628,553,2016-05-31,18115,1181,19296
95,6520,9501,548,504,2016-05-31,16021,1052,17073
96,4798,6899,549,440,2016-05-31,11697,989,12686
97,2971,4190,417,360,2016-05-31,7161,777,7938
98,3098,4285,461,320,2016-05-31,7383,781,8164
99,2545,3500,483,345,2016-05-31,6045,828,6873
100,2410,3226,504,265,2016-05-31,5636,769,6405
101,10530,12487,4514,2142,2016-05-31,23017,6656,29673
0,338514,319573,21868,20564,2016-12-31,658087,42432,700519
1,353970,335823,24478,23113,2016-12-31,689793,47591,737384
2,375651,354433,24481,23077,2016-12-31,730084,47558,777642
3,383897,361817,21813,20631,2016-12-31,745714,42444,788158
4,410512,387861,17678,16258,2016-12-31,798373,33936,832309
5,402119,379420,12300,11531,2016-12-31,781539,23831,805370
6,387850,367006,8268,7919,2016-12-31,754856,16187,771043
7,399822,377023,6093,5556,2016-12-31,776845,11649,788494
8,402204,379683,4894,4480,2016-12-31,781887,9374,791261
9,411056,388413,3975,3782,2016-12-31,799469,7757,807226
10,407871,384557,4050,3827,2016-12-31,792428,7877,800305
11,412245,390705,4294,4177,2016-12-31,802950,8471,811421
12,417327,395508,6009,5788,2016-12-31,812835,11797,824632
13,406136,383917,6476,6171,2016-12-31,790053,12647,802700
14,407186,385795,5843,5668,2016-12-31,792981,11511,804492
15,408713,387399,6249,5895,2016-12-31,796112,12144,808256
16,430040,409747,6109,6056,2016-12-31,839787,12165,851952
17,430049,407821,6115,5881,2016-12-31,837870,11996,849866
18,458096,437194,6121,5691,2016-12-31,895290,11812,907102
19,496190,473154,6418,5899,2016-12-31,969344,12317,981661
20,506602,483337,6038,5702,2016-12-31,989939,11740,1001679
21,499980,479472,5401,5163,2016-12-31,979452,10564,990016
22,483727,462534,5170,5007,2016-12-31,946261,10177,956438
23,485845,467350,5182,5038,2016-12-31,953195,10220,963415
24,493118,475236,5081,4964,2016-12-31,968354,10045,978399
25,490530,472425,4380,4243,2016-12-31,962955,8623,971578
26,482888,467856,4242,4318,2016-12-31,950744,8560,959304
27,463216,448465,3820,4090,2016-12-31,911681,7910,919591
28,452771,439529,3855,4270,2016-12-31,892300,8125,900425
29,449034,440283,4141,4419,2016-12-31,889317,8560,897877
30,464443,455715,4314,4817,2016-12-31,920158,9131,929289
31,482537,474760,4007,4585,2016-12-31,957297,8592,965889
32,485514,479478,4211,4751,2016-12-31,964992,8962,973954
33,496017,492478,4340,5053,2016-12-31,988495,9393,997888
34,512808,510800,4638,5364,2016-12-31,1023608,10002,1033610
35,512593,511254,4821,5601,2016-12-31,1023847,10422,1034269
36,523205,522298,5071,5614,2016-12-31,1045503,10685,1056188
37,523082,525497,4815,5266,2016-12-31,1048579,10081,1058660
38,504713,511015,5174,5536,2016-12-31,1015728,10710,1026438
39,529181,538185,4712,4883,2016-12-31,1067366,9595,1076961
40,521580,534810,4810,5005,2016-12-31,1056390,9815,1066205
41,511313,526398,4547,4679,2016-12-31,1037711,9226,1046937
42,518995,538292,4476,4526,2016-12-31,1057287,9002,1066289
43,506857,529671,4943,4858,2016-12-31,1036528,9801,1046329
44,520837,549267,4594,4387,2016-12-31,1070104,8981,1079085
45,526169,560849,4528,4324,2016-12-31,1087018,8852,1095870
46,515664,549030,4500,4352,2016-12-31,1064694,8852,1073546
47,505060,543836,3875,3787,2016-12-31,1048896,7662,1056558
48,521315,564447,4591,4318,2016-12-31,1085762,8909,1094671
49,498039,538633,3771,3255,2016-12-31,1036672,7026,1043698
50,483853,530659,3652,3378,2016-12-31,1014512,7030,1021542
51,489567,537359,3655,3110,2016-12-31,1026926,6765,1033691
52,484693,537253,3453,2953,2016-12-31,1021946,6406,1028352
53,455880,501305,3706,3262,2016-12-31,957185,6968,964153
54,443925,487542,3437,2826,2016-12-31,931467,6263,937730
55,422747,466912,3062,2466,2016-12-31,889659,5528,895187
56,418377,469690,3511,2829,2016-12-31,888067,6340,894407
57,400111,448335,2989,2300,2016-12-31,848446,5289,853735
58,364651,414359,3213,2687,2016-12-31,779010,5900,784910
59,350515,399482,2982,2220,2016-12-31,749997,5202,755199
60,322966,365668,2945,2315,2016-12-31,688634,5260,693894
61,300162,344130,2721,1916,2016-12-31,644292,4637,648929
62,304100,355547,2523,1786,2016-12-31,659647,4309,663956
63,281299,329666,2696,1877,2016-12-31,610965,4573,615538
64,274855,322312,2537,1571,2016-12-31,597167,4108,601275
65,257349,303633,2259,1365,2016-12-31,560982,3624,564606
66,243262,290197,2543,1563,2016-12-31,533459,4106,537565
67,233949,281848,2233,1163,2016-12-31,515797,3396,519193
68,208226,249021,2316,1281,2016-12-31,457247,3597,460844
69,188195,226216,2080,1067,2016-12-31,414411,3147,417558
70,170818,208152,1930,1057,2016-12-31,378970,2987,381957
71,151256,187299,1831,1010,2016-12-31,338555,2841,341396
72,145161,177237,1827,986,2016-12-31,322398,2813,325211
73,134408,167138,1845,1025,2016-12-31,301546,2870,304416
74,127249,160489,1611,1018,2016-12-31,287738,2629,290367
75,124990,160702,1513,993,2016-12-31,285692,2506,288198
76,109183,143369,1576,1081,2016-12-31,252552,2657,255209
77,109836,144549,1420,927,2016-12-31,254385,2347,256732
78,103839,138899,1344,1094,2016-12-31,242738,2438,245176
79,91792,127331,1231,889,2016-12-31,219123,2120,221243
80,84030,117850,1086,893,2016-12-31,201880,1979,203859
81,75591,109093,1218,991,2016-12-31,184684,2209,186893
82,67878,96355,1083,738,2016-12-31,164233,1821,166054
83,60917,90193,992,726,2016-12-31,151110,1718,152828
84,54521,81081,971,652,2016-12-31,135602,1623,137225
85,44767,69378,1028,628,2016-12-31,114145,1656,115801
86,38462,60194,1061,636,2016-12-31,98656,1697,100353
87,32853,51870,1126,596,2016-12-31,84723,1722,86445
88,28108,44846,1153,615,2016-12-31,72954,1768,74722
89,23671,38196,1052,602,2016-12-31,61867,1654,63521
90,18076,29591,775,574,2016-12-31,47667,1349,49016
91,15110,24628,678,495,2016-12-31,39738,1173,40911
92,11146,18175,658,487,2016-12-31,29321,1145,30466
93,9631,14691,630,539,2016-12-31,24322,1169,25491
94,7840,12080,601,499,2016-12-31,19920,1100,21020
95,6608,9662,578,530,2016-12-31,16270,1108,17378
96,5634,8016,546,448,2016-12-31,13650,994,14644
97,3958,5618,517,396,2016-12-31,9576,913,10489
98,2828,3765,402,323,2016-12-31,6593,725,7318
99,2727,3676,431,303,2016-12-31,6403,734,7137
100,2466,3242,498,321,2016-12-31,5708,819,6527
101,2588,4501,711,469,2016-12-31,7089,1180,8269
0,336478,317202,20305,18942,2017-05-31,653680,39247,692927
1,351719,333984,24719,23292,2017-05-31,685703,48011,733714
2,365726,345539,24192,22821,2017-05-31,711265,47013,758278
3,375532,354389,23383,22209,2017-05-31,729921,45592,775513
4,406584,383331,19686,18310,2017-05-31,789915,37996,827911
5,411324,387796,13873,12801,2017-05-31,799120,26674,825794
6,386457,366077,9830,9357,2017-05-31,752534,19187,771721
7,395940,373941,6793,6284,2017-05-31,769881,13077,782958
8,401217,378621,5368,5006,2017-05-31,779838,10374,790212
9,404777,382641,4231,3913,2017-05-31,787418,8144,795562
10,411780,388292,4044,3812,2017-05-31,800072,7856,807928
11,409373,386689,4303,4000,2017-05-31,796062,8303,804365
12,416834,395473,5140,5062,2017-05-31,812307,10202,822509
13,410456,388713,6533,6229,2017-05-31,799169,12762,811931
14,404663,383104,5992,5830,2017-05-31,787767,11822,799589
15,406234,385527,6235,5854,2017-05-31,791761,12089,803850
16,420990,400551,6121,5906,2017-05-31,821541,12027,833568
17,433311,411213,6028,5938,2017-05-31,844524,11966,856490
18,435192,414553,6219,5877,2017-05-31,849745,12096,861841
19,489196,467322,6296,5872,2017-05-31,956518,12168,968686
20,505389,482930,6421,5822,2017-05-31,988319,12243,1000562
21,498710,476941,5456,5238,2017-05-31,975651,10694,986345
22,492260,470585,5218,5021,2017-05-31,962845,10239,973084
23,482313,464669,5169,5047,2017-05-31,946982,10216,957198
24,485414,466608,5267,5050,2017-05-31,952022,10317,962339
25,494188,476935,4407,4405,2017-05-31,971123,8812,979935
26,486420,469369,4421,4458,2017-05-31,955789,8879,964668
27,469742,455835,3837,4038,2017-05-31,925577,7875,933452
28,462072,448365,4023,4399,2017-05-31,910437,8422,918859
29,439660,429570,3910,4205,2017-05-31,869230,8115,877345
30,456452,448360,4497,4934,2017-05-31,904812,9431,914243
31,475606,467500,4080,4638,2017-05-31,943106,8718,951824
32,486414,480802,4081,4606,2017-05-31,967216,8687,975903
33,484057,478950,4395,5181,2017-05-31,963007,9576,972583
34,505742,503398,4547,5252,2017-05-31,1009140,9799,1018939
35,518268,516755,4858,5569,2017-05-31,1035023,10427,1045450
36,516057,515794,5236,5901,2017-05-31,1031851,11137,1042988
37,520650,523091,4612,5068,2017-05-31,1043741,9680,1053421
38,512530,516184,5471,5930,2017-05-31,1028714,11401,1040115
39,507332,516194,4572,4680,2017-05-31,1023526,9252,1032778
40,533952,547058,4986,5311,2017-05-31,1081010,10297,1091307
41,506763,520836,4614,4674,2017-05-31,1027599,9288,1036887
42,519737,539042,4306,4471,2017-05-31,1058779,8777,1067556
43,512992,534271,5124,4976,2017-05-31,1047263,10100,1057363
44,504767,533457,4623,4441,2017-05-31,1038224,9064,1047288
45,520200,550511,4525,4283,2017-05-31,1070711,8808,1079519
46,531854,567688,4694,4613,2017-05-31,1099542,9307,1108849
47,504518,541525,3743,3617,2017-05-31,1046043,7360,1053403
48,508713,552903,4816,4563,2017-05-31,1061616,9379,1070995
49,516541,558106,3701,3197,2017-05-31,1074647,6898,1081545
50,477267,520678,3756,3461,2017-05-31,997945,7217,1005162
51,494304,544372,3670,3157,2017-05-31,1038676,6827,1045503
52,485747,538576,3396,2881,2017-05-31,1024323,6277,1030600
53,462527,511582,3836,3326,2017-05-31,974109,7162,981271
54,445901,490983,3473,2838,2017-05-31,936884,6311,943195
55,439335,484655,3110,2490,2017-05-31,923990,5600,929590
56,410981,458739,3526,2907,2017-05-31,869720,6433,876153
57,414090,466889,2983,2164,2017-05-31,880979,5147,886126
58,381220,431391,3370,2839,2017-05-31,812611,6209,818820
59,352269,402075,2872,2180,2017-05-31,754344,5052,759396
60,332916,380793,3121,2384,2017-05-31,713709,5505,719214
61,321978,369657,2781,1969,2017-05-31,691635,4750,696385
62,313178,366434,2592,1737,2017-05-31,679612,4329,683941
63,285046,334031,2726,1920,2017-05-31,619077,4646,623723
64,278064,327256,2603,1573,2017-05-31,605320,4176,609496
65,262064,309494,2300,1399,2017-05-31,571558,3699,575257
66,244927,292537,2546,1557,2017-05-31,537464,4103,541567
67,236387,284233,2237,1149,2017-05-31,520620,3386,524006
68,213132,255866,2419,1353,2017-05-31,468998,3772,472770
69,189416,228203,2099,1024,2017-05-31,417619,3123,420742
70,175602,214481,2032,1104,2017-05-31,390083,3136,393219
71,153229,189715,1905,1017,2017-05-31,342944,2922,345866
72,143242,176887,1825,933,2017-05-31,320129,2758,322887
73,138641,170722,1943,1074,2017-05-31,309363,3017,312380
74,124293,158215,1679,1000,2017-05-31,282508,2679,285187
75,127391,163836,1524,978,2017-05-31,291227,2502,293729
76,113506,147350,1549,1094,2017-05-31,260856,2643,263499
77,104559,140095,1428,897,2017-05-31,244654,2325,246979
78,104242,138339,1368,1100,2017-05-31,242581,2468,245049
79,93555,129578,1260,902,2017-05-31,223133,2162,225295
80,83363,116759,1128,893,2017-05-31,200122,2021,202143
81,77574,111670,1191,980,2017-05-31,189244,2171,191415
82,66618,95435,1060,727,2017-05-31,162053,1787,163840
83,61899,90085,1019,718,2017-05-31,151984,1737,153721
84,52898,79839,944,656,2017-05-31,132737,1600,134337
85,46798,70853,1009,618,2017-05-31,117651,1627,119278
86,37730,60128,1041,620,2017-05-31,97858,1661,99519
87,33527,52218,1113,587,2017-05-31,85745,1700,87445
88,27130,43462,1099,590,2017-05-31,70592,1689,72281
89,24542,39385,1015,582,2017-05-31,63927,1597,65524
90,17766,28908,805,558,2017-05-31,46674,1363,48037
91,15497,24923,664,481,2017-05-31,40420,1145,41565
92,11178,18112,654,469,2017-05-31,29290,1123,30413
93,9340,14335,596,504,2017-05-31,23675,1100,24775
94,7993,12036,591,496,2017-05-31,20029,1087,21116
95,6357,9262,589,489,2017-05-31,15619,1078,16697
96,5772,8124,522,441,2017-05-31,13896,963,14859
97,4260,5827,515,381,2017-05-31,10087,896,10983
98,2662,3521,394,311,2017-05-31,6183,705,6888
99,2798,3612,435,292,2017-05-31,6410,727,7137
100,2349,3059,472,309,2017-05-31,5408,781,6189
101,3067,4880,758,462,2017-05-31,7947,1220,9167
0,335544,315420,20886,19555,2017-12-31,650964,40441,691405
1,341759,322825,22676,21262,2017-12-31,664584,43938,708522
2,354059,336061,24706,23300,2017-12-31,690120,48006,738126
3,375761,354689,24651,23214,2017-12-31,730450,47865,778315
4,384034,362037,21965,20791,2017-12-31,746071,42756,788827
5,410649,388084,17774,16347,2017-12-31,798733,34121,832854
6,402239,379606,12325,11555,2017-12-31,781845,23880,805725
7,387987,367209,8329,7955,2017-12-31,755196,16284,771480
8,399997,377243,6089,5587,2017-12-31,777240,11676,788916
9,402477,379966,4803,4416,2017-12-31,782443,9219,791662
10,411293,388707,3931,3720,2017-12-31,800000,7651,807651
11,408125,384861,3967,3753,2017-12-31,792986,7720,800706
12,412444,391008,4214,4079,2017-12-31,803452,8293,811745
13,417500,395788,5849,5635,2017-12-31,813288,11484,824772
14,406117,384160,6322,6024,2017-12-31,790277,12346,802623
15,407056,386013,5713,5522,2017-12-31,793069,11235,804304
16,408482,387648,6066,5696,2017-12-31,796130,11762,807892
17,429678,410015,5905,5813,2017-12-31,839693,11718,851411
18,429664,407992,5950,5726,2017-12-31,837656,11676,849332
19,457531,437260,5998,5585,2017-12-31,894791,11583,906374
20,495581,473189,6316,5809,2017-12-31,968770,12125,980895
21,505931,483378,5950,5570,2017-12-31,989309,11520,1000829
22,499354,479453,5305,5073,2017-12-31,978807,10378,989185
23,483021,462522,5117,4949,2017-12-31,945543,10066,955609
24,485147,467312,5104,4976,2017-12-31,952459,10080,962539
25,492371,475214,5029,4968,2017-12-31,967585,9997,977582
26,489664,472273,4367,4264,2017-12-31,961937,8631,970568
27,482087,467686,4288,4389,2017-12-31,949773,8677,958450
28,462431,448304,3842,4147,2017-12-31,910735,7989,918724
29,451929,439328,3907,4318,2017-12-31,891257,8225,899482
30,448110,440124,4202,4517,2017-12-31,888234,8719,896953
31,463457,455475,4378,4912,2017-12-31,918932,9290,928222
32,481461,474433,4044,4677,2017-12-31,955894,8721,964615
33,484393,479123,4258,4840,2017-12-31,963516,9098,972614
34,494686,492111,4379,5125,2017-12-31,986797,9504,996301
35,511299,510328,4707,5421,2017-12-31,1021627,10128,1031755
36,511036,510822,4903,5653,2017-12-31,1021858,10556,1032414
37,521480,521725,5122,5685,2017-12-31,1043205,10807,1054012
38,521149,524879,4886,5327,2017-12-31,1046028,10213,1056241
39,502737,510339,5233,5575,2017-12-31,1013076,10808,1023884
40,526907,537425,4793,4939,2017-12-31,1064332,9732,1074064
41,519138,534002,4878,5044,2017-12-31,1053140,9922,1063062
42,508827,525549,4613,4697,2017-12-31,1034376,9310,1043686
43,516309,537349,4537,4560,2017-12-31,1053658,9097,1062755
44,504081,528653,4983,4861,2017-12-31,1032734,9844,1042578
45,517766,548139,4656,4410,2017-12-31,1065905,9066,1074971
46,522984,559568,4596,4348,2017-12-31,1082552,8944,1091496
47,512301,547623,4557,4359,2017-12-31,1059924,8916,1068840
48,501689,542366,3933,3785,2017-12-31,1044055,7718,1051773
49,517638,562843,4660,4306,2017-12-31,1080481,8966,1089447
50,494384,536942,3827,3266,2017-12-31,1031326,7093,1038419
51,479957,528898,3729,3377,2017-12-31,1008855,7106,1015961
52,485482,535481,3743,3104,2017-12-31,1020963,6847,1027810
53,480376,535141,3509,2948,2017-12-31,1015517,6457,1021974
54,451477,499143,3792,3242,2017-12-31,950620,7034,957654
55,439483,485352,3503,2825,2017-12-31,924835,6328,931163
56,418168,464673,3155,2461,2017-12-31,882841,5616,888457
57,413507,467153,3572,2811,2017-12-31,880660,6383,887043
58,395346,445900,3075,2290,2017-12-31,841246,5365,846611
59,359987,412015,3316,2678,2017-12-31,772002,5994,777996
60,345857,396992,3097,2217,2017-12-31,742849,5314,748163
61,318395,363110,3044,2302,2017-12-31,681505,5346,686851
62,295506,341407,2817,1897,2017-12-31,636913,4714,641627
63,299126,352534,2607,1781,2017-12-31,651660,4388,656048
64,276336,326630,2788,1871,2017-12-31,602966,4659,607625
65,269808,319065,2653,1553,2017-12-31,588873,4206,593079
66,252256,300172,2354,1355,2017-12-31,552428,3709,556137
67,237976,286586,2625,1545,2017-12-31,524562,4170,528732
68,228605,278043,2308,1155,2017-12-31,506648,3463,510111
69,203104,245338,2373,1262,2017-12-31,448442,3635,452077
70,183088,222453,2117,1054,2017-12-31,405541,3171,408712
71,165734,204264,1978,1040,2017-12-31,369998,3018,373016
72,146574,183515,1857,986,2017-12-31,330089,2843,332932
73,140257,173407,1848,963,2017-12-31,313664,2811,316475
74,129357,163052,1842,999,2017-12-31,292409,2841,295250
75,122209,156273,1594,990,2017-12-31,278482,2584,281066
76,119545,155957,1505,974,2017-12-31,275502,2479,277981
77,103999,138719,1535,1051,2017-12-31,242718,2586,245304
78,104405,139400,1390,910,2017-12-31,243805,2300,246105
79,98144,133464,1296,1063,2017-12-31,231608,2359,233967
80,86388,121886,1196,843,2017-12-31,208274,2039,210313
81,78624,112011,1036,856,2017-12-31,190635,1892,192527
82,70536,103121,1159,943,2017-12-31,173657,2102,175759
83,62711,90537,1027,696,2017-12-31,153248,1723,154971
84,55991,84210,951,691,2017-12-31,140201,1642,141843
85,49830,75079,923,617,2017-12-31,124909,1540,126449
86,40575,63856,973,582,2017-12-31,104431,1555,105986
87,34607,54963,989,609,2017-12-31,89570,1598,91168
88,29388,46996,1039,561,2017-12-31,76384,1600,77984
89,24943,40025,1068,574,2017-12-31,64968,1642,66610
90,20877,33898,970,558,2017-12-31,54775,1528,56303
91,15887,25898,727,524,2017-12-31,41785,1251,43036
92,13127,21232,634,448,2017-12-31,34359,1082,35441
93,9738,15593,613,435,2017-12-31,25331,1048,26379
94,8447,12496,581,480,2017-12-31,20943,1061,22004
95,6860,10215,562,446,2017-12-31,17075,1008,18083
96,5862,8278,544,468,2017-12-31,14140,1012,15152
97,5026,6913,518,400,2017-12-31,11939,918,12857
98,3539,4767,484,352,2017-12-31,8306,836,9142
99,2587,3209,387,282,2017-12-31,5796,669,6465
100,2479,3189,415,275,2017-12-31,5668,690,6358
101,4534,6614,1162,682,2017-12-31,11148,1844,12992
0,330725,310627,22215,21078,2018-05-31,641352,43293,684645
1,339793,320501,21152,19662,2018-05-31,660294,40814,701108
2,351885,334295,24899,23440,2018-05-31,686180,48339,734519
3,365869,345826,24328,22940,2018-05-31,711695,47268,758963
4,375701,354681,23515,22342,2018-05-31,730382,45857,776239
5,406749,383620,19741,18374,2018-05-31,790369,38115,828484
6,411524,388056,13885,12791,2018-05-31,799580,26676,826256
7,386640,366345,9800,9293,2018-05-31,752985,19093,772078
8,396243,374300,6623,6139,2018-05-31,770543,12762,783305
9,401524,378982,5175,4801,2018-05-31,780506,9976,790482
10,405097,383033,3993,3696,2018-05-31,788130,7689,795819
11,412073,388703,3835,3580,2018-05-31,800776,7415,808191
12,409646,387026,4081,3792,2018-05-31,796672,7873,804545
13,417034,395824,4910,4797,2018-05-31,812858,9707,822565
14,410539,389028,6290,5982,2018-05-31,799567,12272,811839
15,404572,383439,5804,5604,2018-05-31,788011,11408,799419
16,406125,385843,5986,5606,2018-05-31,791968,11592,803560
17,420768,400867,5842,5642,2018-05-31,821635,11484,833119
18,432961,411501,5861,5713,2018-05-31,844462,11574,856036
19,434701,414699,6103,5745,2018-05-31,849400,11848,861248
20,488631,467401,6160,5765,2018-05-31,956032,11925,967957
21,504849,483001,6294,5685,2018-05-31,987850,11979,999829
22,498157,477028,5331,5089,2018-05-31,975185,10420,985605
23,491620,470598,5112,4914,2018-05-31,962218,10026,972244
24,481637,464694,5084,4959,2018-05-31,946331,10043,956374
25,484745,466624,5197,4984,2018-05-31,951369,10181,961550
26,493385,476819,4429,4442,2018-05-31,970204,8871,979075
27,485604,469210,4481,4534,2018-05-31,954814,9015,963829
28,468913,455641,3878,4149,2018-05-31,924554,8027,932581
29,461226,448212,4059,4471,2018-05-31,909438,8530,917968
30,438751,429354,4000,4336,2018-05-31,868105,8336,876441
31,455479,448125,4584,5061,2018-05-31,903604,9645,913249
32,474555,467200,4139,4719,2018-05-31,941755,8858,950613
33,485318,480441,4155,4706,2018-05-31,965759,8861,974620
34,482781,478583,4467,5271,2018-05-31,961364,9738,971102
35,504301,502972,4653,5333,2018-05-31,1007273,9986,1017259
36,516730,516327,4977,5629,2018-05-31,1033057,10606,1043663
37,514344,515226,5314,5961,2018-05-31,1029570,11275,1040845
38,518762,522468,4715,5137,2018-05-31,1041230,9852,1051082
39,510528,515499,5542,5968,2018-05-31,1026027,11510,1037537
40,505115,515454,4654,4743,2018-05-31,1020569,9397,1029966
41,531497,546240,5041,5372,2018-05-31,1077737,10413,1088150
42,504345,520016,4682,4709,2018-05-31,1024361,9391,1033752
43,517046,538069,4395,4501,2018-05-31,1055115,8896,1064011
44,510254,533267,5184,4996,2018-05-31,1043521,10180,1053701
45,501860,532358,4672,4454,2018-05-31,1034218,9126,1043344
46,517021,549296,4608,4307,2018-05-31,1066317,8915,1075232
47,528499,566273,4749,4609,2018-05-31,1094772,9358,1104130
48,501126,540069,3826,3632,2018-05-31,1041195,7458,1048653
49,505110,551342,4882,4539,2018-05-31,1056452,9421,1065873
50,512694,556414,3761,3219,2018-05-31,1069108,6980,1076088
51,473509,518936,3830,3468,2018-05-31,992445,7298,999743
52,490147,542418,3755,3155,2018-05-31,1032565,6910,1039475
53,481262,536472,3465,2873,2018-05-31,1017734,6338,1024072
54,458180,509342,3919,3317,2018-05-31,967522,7236,974758
55,441490,488771,3569,2836,2018-05-31,930261,6405,936666
56,434609,482275,3193,2482,2018-05-31,916884,5675,922559
57,406263,456252,3606,2888,2018-05-31,862515,6494,869009
58,409182,464319,3076,2155,2018-05-31,873501,5231,878732
59,376371,428907,3461,2817,2018-05-31,805278,6278,811556
60,347523,399529,2980,2183,2018-05-31,747052,5163,752215
61,328176,378136,3210,2375,2018-05-31,706312,5585,711897
62,316933,366795,2874,1960,2018-05-31,683728,4834,688562
63,307911,363229,2672,1736,2018-05-31,671140,4408,675548
64,280054,330872,2811,1908,2018-05-31,610926,4719,615645
65,272866,323870,2710,1564,2018-05-31,596736,4274,601010
66,256818,305981,2402,1384,2018-05-31,562799,3786,566585
67,239544,288964,2633,1539,2018-05-31,528508,4172,532680
68,230872,280428,2317,1142,2018-05-31,511300,3459,514759
69,207807,252047,2469,1337,2018-05-31,459854,3806,463660
70,184239,224362,2126,1005,2018-05-31,408601,3131,411732
71,170456,210368,2072,1090,2018-05-31,380824,3162,383986
72,148356,185848,1899,1000,2018-05-31,334204,2899,337103
73,138329,172918,1844,911,2018-05-31,311247,2755,314002
74,133434,166509,1945,1046,2018-05-31,299943,2991,302934
75,119205,153998,1661,976,2018-05-31,273203,2637,275840
76,121809,158974,1509,949,2018-05-31,280783,2458,283241
77,108060,142461,1505,1064,2018-05-31,250521,2569,253090
78,99228,134902,1392,871,2018-05-31,234130,2263,236393
79,98483,132836,1338,1061,2018-05-31,231319,2399,233718
80,87976,123847,1228,857,2018-05-31,211823,2085,213908
81,77876,111038,1095,852,2018-05-31,188914,1947,190861
82,72331,105492,1131,931,2018-05-31,177823,2062,179885
83,61603,89536,1018,690,2018-05-31,151139,1708,152847
84,56757,84025,957,683,2018-05-31,140782,1640,142422
85,48381,73833,898,606,2018-05-31,122214,1504,123718
86,42361,65185,952,576,2018-05-31,107546,1528,109074
87,33939,54720,973,579,2018-05-31,88659,1552,90211
88,29884,47105,1021,563,2018-05-31,76989,1584,78573
89,24073,38760,1013,551,2018-05-31,62833,1564,64397
90,21577,34806,940,540,2018-05-31,56383,1480,57863
91,15555,25299,751,519,2018-05-31,40854,1270,42124
92,13461,21473,618,436,2018-05-31,34934,1054,35988
93,9722,15477,610,421,2018-05-31,25199,1031,26230
94,8167,12145,553,450,2018-05-31,20312,1003,21315
95,6964,10150,551,434,2018-05-31,17114,985,18099
96,5654,7867,552,438,2018-05-31,13521,990,14511
97,5169,6979,499,395,2018-05-31,12148,894,13042
98,3843,4961,485,341,2018-05-31,8804,826,9630
99,2400,2987,376,269,2018-05-31,5387,645,6032
100,2555,3092,423,256,2018-05-31,5647,679,6326
101,4880,6833,1183,669,2018-05-31,11713,1852,13565
0,318344,300049,16625,15813,2018-12-31,618393,32438,650831
1,339402,319277,21857,20448,2018-12-31,658679,42305,700984
2,341972,323206,22744,21300,2018-12-31,665178,44044,709222
3,354259,336377,24757,23339,2018-12-31,690636,48096,738732
4,375941,354985,24670,23227,2018-12-31,730926,47897,778823
5,384265,362353,21999,20796,2018-12-31,746618,42795,789413
6,410888,388388,17796,16350,2018-12-31,799276,34146,833422
7,402425,379910,12359,11572,2018-12-31,782335,23931,806266
8,388228,367570,8272,7886,2018-12-31,755798,16158,771956
9,400314,377635,5975,5430,2018-12-31,777949,11405,789354
10,402780,380306,4681,4297,2018-12-31,783086,8978,792064
11,411617,389066,3816,3604,2018-12-31,800683,7420,808103
12,408343,385244,3894,3600,2018-12-31,793587,7494,801081
13,412596,391272,4129,3956,2018-12-31,803868,8085,811953
14,417543,396067,5726,5480,2018-12-31,813610,11206,824816
15,406044,384446,6233,5897,2018-12-31,790490,12130,802620
16,406932,386319,5599,5402,2018-12-31,793251,11001,804252
17,408337,387956,5881,5573,2018-12-31,796293,11454,807747
18,429354,410225,5876,5820,2018-12-31,839579,11696,851275
19,429245,408159,6020,5731,2018-12-31,837404,11751,849155
20,457001,437346,6033,5630,2018-12-31,894347,11663,906010
21,495083,473303,6231,5755,2018-12-31,968386,11986,980372
22,505461,483523,5891,5461,2018-12-31,988984,11352,1000336
23,498787,479547,5271,5047,2018-12-31,978334,10318,988652
24,482455,462633,5051,4868,2018-12-31,945088,9919,955007
25,484479,467431,5112,4994,2018-12-31,951910,10106,962016
26,491673,475207,5068,5006,2018-12-31,966880,10074,976954
27,488841,472140,4487,4420,2018-12-31,960981,8907,969888
28,481268,467508,4441,4605,2018-12-31,948776,9046,957822
29,461576,448134,3957,4342,2018-12-31,909710,8299,918009
30,451035,439119,4119,4554,2018-12-31,890154,8673,898827
31,447162,439885,4415,4757,2018-12-31,887047,9172,896219
32,462340,455222,4570,5092,2018-12-31,917562,9662,927224
33,480359,474080,4226,4851,2018-12-31,954439,9077,963516
34,483106,478692,4383,4996,2018-12-31,961798,9379,971177
35,493312,491734,4584,5317,2018-12-31,985046,9901,994947
36,509784,509941,4894,5637,2018-12-31,1019725,10531,1030256
37,509444,510292,5089,5799,2018-12-31,1019736,10888,1030624
38,519636,521119,5284,5844,2018-12-31,1040755,11128,1051883
39,519220,524183,5040,5440,2018-12-31,1043403,10480,1053883
40,500655,509712,5385,5730,2018-12-31,1010367,11115,1021482
41,524531,536592,4920,5066,2018-12-31,1061123,9986,1071109
42,516678,533143,4987,5137,2018-12-31,1049821,10124,1059945
43,506192,524560,4710,4803,2018-12-31,1030752,9513,1040265
44,513566,536381,4632,4637,2018-12-31,1049947,9269,1059216
45,501295,527503,5099,4927,2018-12-31,1028798,10026,1038824
46,514665,546927,4781,4501,2018-12-31,1061592,9282,1070874
47,519806,558257,4683,4376,2018-12-31,1078063,9059,1087122
48,508982,546186,4663,4400,2018-12-31,1055168,9063,1064231
49,498152,540906,4013,3805,2018-12-31,1039058,7818,1046876
50,513842,561121,4777,4325,2018-12-31,1074963,9102,1084065
51,490572,535175,3955,3331,2018-12-31,1025747,7286,1033033
52,475975,526897,3836,3395,2018-12-31,1002872,7231,1010103
53,481231,533360,3834,3122,2018-12-31,1014591,6956,1021547
54,475957,532934,3597,2964,2018-12-31,1008891,6561,1015452
55,447103,496839,3881,3246,2018-12-31,943942,7127,951069
56,434936,483010,3609,2846,2018-12-31,917946,6455,924401
57,413582,462312,3253,2457,2018-12-31,875894,5710,881604
58,408639,464627,3657,2805,2018-12-31,873266,6462,879728
59,390412,443335,3159,2297,2018-12-31,833747,5456,839203
60,355226,409515,3418,2658,2018-12-31,764741,6076,770817
61,340931,394254,3193,2228,2018-12-31,735185,5421,740606
62,313661,360472,3120,2309,2018-12-31,674133,5429,679562
63,290734,338586,2936,1889,2018-12-31,629320,4825,634145
64,293995,349352,2698,1775,2018-12-31,643347,4473,647820
65,271307,323289,2883,1858,2018-12-31,594596,4741,599337
66,264624,315601,2767,1548,2018-12-31,580225,4315,584540
67,246942,296564,2445,1335,2018-12-31,543506,3780,547286
68,232619,282904,2673,1539,2018-12-31,515523,4212,519735
69,223005,274018,2371,1155,2018-12-31,497023,3526,500549
70,197818,241367,2414,1241,2018-12-31,439185,3655,442840
71,177849,218445,2156,1045,2018-12-31,396294,3201,399495
72,160649,200220,1995,1031,2018-12-31,360869,3026,363895
73,141795,179392,1844,965,2018-12-31,321187,2809,323996
74,135253,169385,1859,941,2018-12-31,304638,2800,307438
75,124367,158896,1833,988,2018-12-31,283263,2821,286084
76,117103,151903,1568,969,2018-12-31,269006,2537,271543
77,114289,151060,1484,950,2018-12-31,265349,2434,267783
78,98866,133845,1486,1027,2018-12-31,232711,2513,235224
79,98837,134148,1349,881,2018-12-31,232985,2230,235215
80,92585,127794,1248,1027,2018-12-31,220379,2275,222654
81,81122,116195,1157,813,2018-12-31,197317,1970,199287
82,73465,106129,1003,809,2018-12-31,179594,1812,181406
83,65599,97126,1100,905,2018-12-31,162725,2005,164730
84,57834,84778,972,663,2018-12-31,142612,1635,144247
85,51239,78152,891,658,2018-12-31,129391,1549,130940
86,45505,69296,869,576,2018-12-31,114801,1445,116246
87,36791,58617,911,549,2018-12-31,95408,1460,96868
88,31069,49764,919,563,2018-12-31,80833,1482,82315
89,26251,42289,959,526,2018-12-31,68540,1485,70025
90,22162,35563,981,534,2018-12-31,57725,1515,59240
91,18422,29934,903,510,2018-12-31,48356,1413,49769
92,13978,22636,669,488,2018-12-31,36614,1157,37771
93,11476,18451,593,412,2018-12-31,29927,1005,30932
94,8533,13331,581,392,2018-12-31,21864,973,22837
95,7457,10637,544,433,2018-12-31,18094,977,19071
96,6091,8663,528,389,2018-12-31,14754,917,15671
97,5302,7097,514,422,2018-12-31,12399,936,13335
98,4568,6013,496,356,2018-12-31,10581,852,11433
99,3241,4116,461,315,2018-12-31,7357,776,8133
100,2363,2748,377,248,2018-12-31,5111,625,5736
101,6520,8620,1503,838,2018-12-31,15140,2341,17481
0,317029,298960,11424,10806,2019-05-31,615989,22230,638219
1,333882,313813,22933,21740,2019-05-31,647695,44673,692368
2,339951,320802,21226,19720,2019-05-31,660753,40946,701699
3,352045,334567,24966,23467,2019-05-31,686612,48433,735045
4,366024,346059,24349,22963,2019-05-31,712083,47312,759395
5,375937,354957,23550,22377,2019-05-31,730894,45927,776821
6,406924,383881,19784,18397,2019-05-31,790805,38181,828986
7,411704,388319,13940,12819,2019-05-31,800023,26759,826782
8,386836,366659,9778,9259,2019-05-31,753495,19037,772532
9,396468,374594,6585,6077,2019-05-31,771062,12662,783724
10,401723,379230,5157,4780,2019-05-31,780953,9937,790890
11,405308,383290,3972,3653,2019-05-31,788598,7625,796223
12,412251,388938,3828,3556,2019-05-31,801189,7384,808573
13,409708,387223,4043,3758,2019-05-31,796931,7801,804732
14,416971,396028,4869,4709,2019-05-31,812999,9578,822577
15,410406,389177,6262,5955,2019-05-31,799583,12217,811800
16,404304,383631,5803,5594,2019-05-31,787935,11397,799332
17,405855,386062,5942,5548,2019-05-31,791917,11490,803407
18,420403,401013,5936,5731,2019-05-31,821416,11667,833083
19,432433,411517,6039,5856,2019-05-31,843950,11895,855845
20,434113,414777,6272,5895,2019-05-31,848890,12167,861057
21,487993,467467,6245,5804,2019-05-31,955460,12049,967509
22,504276,483045,6319,5690,2019-05-31,987321,12009,999330
23,497503,477088,5379,5109,2019-05-31,974591,10488,985079
24,491023,470673,5141,4940,2019-05-31,961696,10081,971777
25,480955,464760,5142,5019,2019-05-31,945715,10161,955876
26,483984,466632,5280,5103,2019-05-31,950616,10383,960999
27,492477,476693,4570,4596,2019-05-31,969170,9166,978336
28,484721,469007,4637,4751,2019-05-31,953728,9388,963116
29,468009,455448,4037,4393,2019-05-31,923457,8430,931887
30,460246,448017,4315,4725,2019-05-31,908263,9040,917303
31,437797,429050,4247,4600,2019-05-31,866847,8847,875694
32,454380,447855,4779,5250,2019-05-31,902235,10029,912264
33,473323,466846,4346,4936,2019-05-31,940169,9282,949451
34,484070,480040,4335,4908,2019-05-31,964110,9243,973353
35,481410,478140,4638,5503,2019-05-31,959550,10141,969691
36,502707,502519,4881,5569,2019-05-31,1005226,10450,1015676
37,515135,515778,5163,5822,2019-05-31,1030913,10985,1041898
38,512495,514561,5465,6152,2019-05-31,1027056,11617,1038673
39,516720,521797,4887,5325,2019-05-31,1038517,10212,1048729
40,508446,514764,5728,6155,2019-05-31,1023210,11883,1035093
41,502780,514676,4846,4908,2019-05-31,1017456,9754,1027210
42,528951,545268,5227,5503,2019-05-31,1074219,10730,1084949
43,501657,519009,4792,4818,2019-05-31,1020666,9610,1030276
44,514233,536999,4515,4612,2019-05-31,1051232,9127,1060359
45,507319,532130,5298,5079,2019-05-31,1039449,10377,1049826
46,498778,531105,4818,4551,2019-05-31,1029883,9369,1039252
47,513679,548002,4708,4356,2019-05-31,1061681,9064,1070745
48,524986,564691,4851,4651,2019-05-31,1089677,9502,1099179
49,497568,538452,3938,3669,2019-05-31,1036020,7607,1043627
50,501252,549584,4994,4564,2019-05-31,1050836,9558,1060394
51,508747,554512,3906,3272,2019-05-31,1063259,7178,1070437
52,469591,516961,3960,3503,2019-05-31,986552,7463,994015
53,485776,540160,3822,3177,2019-05-31,1025936,6999,1032935
54,476652,534139,3556,2887,2019-05-31,1010791,6443,1017234
55,453622,506960,4011,3339,2019-05-31,960582,7350,967932
56,436893,486358,3676,2845,2019-05-31,923251,6521,929772
57,429774,479787,3258,2486,2019-05-31,909561,5744,915305
58,401353,453750,3699,2874,2019-05-31,855103,6573,861676
59,403930,461588,3129,2150,2019-05-31,865518,5279,870797
60,371271,426227,3551,2806,2019-05-31,797498,6357,803855
61,342445,396729,3102,2177,2019-05-31,739174,5279,744453
62,323156,375209,3279,2365,2019-05-31,698365,5644,704009
63,311772,363691,2992,1961,2019-05-31,675463,4953,680416
64,302663,359956,2799,1725,2019-05-31,662619,4524,667143
65,274779,327400,2920,1897,2019-05-31,602179,4817,606996
66,267501,320329,2822,1554,2019-05-31,587830,4376,592206
67,251366,302190,2484,1361,2019-05-31,553556,3845,557401
68,233922,285056,2695,1533,2019-05-31,518978,4228,523206
69,225136,276290,2374,1137,2019-05-31,501426,3511,504937
70,202308,247877,2534,1321,2019-05-31,450185,3855,454040
71,178871,220310,2165,1000,2019-05-31,399181,3165,402346
72,165103,206089,2102,1076,2019-05-31,371192,3178,374370
73,143273,181605,1920,985,2019-05-31,324878,2905,327783
74,133280,168728,1840,894,2019-05-31,302008,2734,304742
75,128131,162066,1941,1028,2019-05-31,290197,2969,293166
76,114102,149476,1655,950,2019-05-31,263578,2605,266183
77,116262,153774,1487,929,2019-05-31,270036,2416,272452
78,102592,137485,1471,1032,2019-05-31,240077,2503,242580
79,93818,129554,1353,839,2019-05-31,223372,2192,225564
80,92684,127094,1295,1024,2019-05-31,219778,2319,222097
81,82441,117898,1175,829,2019-05-31,200339,2004,202343
82,72605,105027,1049,807,2019-05-31,177632,1856,179488
83,67024,99011,1070,886,2019-05-31,166035,1956,167991
84,56719,83637,957,656,2019-05-31,140356,1613,141969
85,51762,77704,897,648,2019-05-31,129466,1545,131011
86,43993,67688,840,571,2019-05-31,111681,1411,113092
87,38176,59342,885,544,2019-05-31,97518,1429,98947
88,30333,49415,904,537,2019-05-31,79748,1441,81189
89,26520,42064,942,522,2019-05-31,68584,1464,70048
90,21272,34221,923,511,2019-05-31,55493,1434,56927
91,18923,30495,870,489,2019-05-31,49418,1359,50777
92,13583,21894,701,481,2019-05-31,35477,1182,36659
93,11744,18452,583,400,2019-05-31,30196,983,31179
94,8468,13073,574,373,2019-05-31,21541,947,22488
95,7200,10288,515,402,2019-05-31,17488,917,18405
96,6165,8477,520,379,2019-05-31,14642,899,15541
97,5078,6684,530,393,2019-05-31,11762,923,12685
98,4724,6054,481,346,2019-05-31,10778,827,11605
99,3534,4253,464,304,2019-05-31,7787,768,8555
100,2199,2550,370,227,2019-05-31,4749,597,5346
101,6913,8756,1534,811,2019-05-31,15669,2345,18014
0,301729,285710,8327,7931,2019-12-31,587439,16258,603697
1,322580,304165,17188,16344,2019-12-31,626745,33532,660277
2,339567,319577,21933,20490,2019-12-31,659144,42423,701567
3,342096,323514,22766,21296,2019-12-31,665610,44062,709672
4,354426,336659,24775,23353,2019-12-31,691085,48128,739213
5,376114,355256,24692,23248,2019-12-31,731370,47940,779310
6,384491,362648,21953,20752,2019-12-31,747139,42705,789844
7,411120,388673,17738,16289,2019-12-31,799793,34027,833820
8,402674,380200,12253,11504,2019-12-31,782874,23757,806631
9,388413,367867,8264,7817,2019-12-31,756280,16081,772361
10,400512,377907,6015,5426,2019-12-31,778419,11441,789860
11,402983,380584,4724,4400,2019-12-31,783567,9124,792691
12,411737,389318,3938,3647,2019-12-31,801055,7585,808640
13,408415,385436,3992,3682,2019-12-31,793851,7674,801525
14,412533,391428,4177,3992,2019-12-31,803961,8169,812130
15,417363,396233,5768,5545,2019-12-31,813596,11313,824909
16,405730,384600,6314,5961,2019-12-31,790330,12275,802605
17,406635,386432,5660,5457,2019-12-31,793067,11117,804184
18,407945,388106,6093,5720,2019-12-31,796051,11813,807864
19,428827,410277,6197,6000,2019-12-31,839104,12197,851301
20,428654,408172,6301,5983,2019-12-31,836826,12284,849110
21,456424,437366,6245,5776,2019-12-31,893790,12021,905811
22,494479,473303,6365,5862,2019-12-31,967782,12227,980009
23,504791,483527,6010,5537,2019-12-31,988318,11547,999865
24,498107,479563,5383,5201,2019-12-31,977670,10584,988254
25,481721,462623,5275,5032,2019-12-31,944344,10307,954651
26,483731,467386,5312,5183,2019-12-31,951117,10495,961612
27,490828,475128,5248,5188,2019-12-31,965956,10436,976392
28,487926,471928,4715,4669,2019-12-31,959854,9384,969238
29,480316,467286,4676,4890,2019-12-31,947602,9566,957168
30,460505,447930,4301,4653,2019-12-31,908435,8954,917389
31,450012,438870,4389,4805,2019-12-31,888882,9194,898076
32,446116,439587,4656,5004,2019-12-31,885703,9660,895363
33,461142,454857,4816,5351,2019-12-31,915999,10167,926166
34,479055,473699,4437,5101,2019-12-31,952754,9538,962292
35,481713,478257,4694,5259,2019-12-31,959970,9953,969923
36,491841,491282,4857,5580,2019-12-31,983123,10437,993560
37,508046,509394,5158,5861,2019-12-31,1017440,11019,1028459
38,507646,509680,5308,6020,2019-12-31,1017326,11328,1028654
39,517488,520446,5507,6015,2019-12-31,1037934,11522,1049456
40,516980,523429,5307,5686,2019-12-31,1040409,10993,1051402
41,498265,508830,5574,5893,2019-12-31,1007095,11467,1018562
42,521896,535678,5106,5208,2019-12-31,1057574,10314,1067888
43,513994,532122,5175,5262,2019-12-31,1046116,10437,1056553
44,503333,523477,4871,4853,2019-12-31,1026810,9724,1036534
45,510532,535201,4793,4797,2019-12-31,1045733,9590,1055323
46,498111,526243,5239,5037,2019-12-31,1024354,10276,1034630
47,511281,545586,4894,4581,2019-12-31,1056867,9475,1066342
48,516152,556659,4807,4434,2019-12-31,1072811,9241,1082052
49,505285,544507,4798,4460,2019-12-31,1049792,9258,1059050
50,494231,539219,4123,3864,2019-12-31,1033450,7987,1041437
51,509647,559178,4893,4376,2019-12-31,1068825,9269,1078094
52,486441,533079,4079,3347,2019-12-31,1019520,7426,1026946
53,471624,524803,3938,3438,2019-12-31,996427,7376,1003803
54,476532,530967,3931,3134,2019-12-31,1007499,7065,1014564
55,471151,530448,3695,2981,2019-12-31,1001599,6676,1008275
56,442200,494300,3976,3287,2019-12-31,936500,7263,943763
57,429886,480415,3716,2856,2019-12-31,910301,6572,916873
58,408557,459680,3368,2475,2019-12-31,868237,5843,874080
59,403386,461852,3714,2809,2019-12-31,865238,6523,871761
60,384815,440482,3271,2301,2019-12-31,825297,5572,830869
61,350109,406624,3537,2658,2019-12-31,756733,6195,762928
62,335522,391207,3315,2227,2019-12-31,726729,5542,732271
63,308646,357386,3234,2297,2019-12-31,666032,5531,671563
64,285652,335467,3059,1893,2019-12-31,621119,4952,626071
65,288552,345837,2801,1782,2019-12-31,634389,4583,638972
66,265845,319746,2998,1842,2019-12-31,585591,4840,590431
67,258979,311643,2855,1539,2019-12-31,570622,4394,575016
68,241208,292640,2536,1327,2019-12-31,533848,3863,537711
69,226769,278620,2755,1528,2019-12-31,505389,4283,509672
70,216864,269594,2433,1148,2019-12-31,486458,3581,490039
71,192096,237037,2482,1245,2019-12-31,429133,3727,432860
72,172164,214114,2191,1033,2019-12-31,386278,3224,389502
73,155254,195810,2027,1016,2019-12-31,351064,3043,354107
74,136486,174948,1869,952,2019-12-31,311434,2821,314255
75,129906,164797,1850,929,2019-12-31,294703,2779,297482
76,118957,154317,1815,962,2019-12-31,273274,2777,276051
77,111613,146941,1543,943,2019-12-31,258554,2486,261040
78,108486,145782,1456,913,2019-12-31,254268,2369,256637
79,93365,128527,1452,991,2019-12-31,221892,2443,224335
80,93028,128354,1317,843,2019-12-31,221382,2160,223542
81,86661,121656,1214,986,2019-12-31,208317,2200,210517
82,75484,109981,1113,783,2019-12-31,185465,1896,187361
83,68011,99772,960,773,2019-12-31,167783,1733,169516
84,60438,90590,1041,850,2019-12-31,151028,1891,152919
85,52798,78545,915,626,2019-12-31,131343,1541,132884
86,46403,71592,838,622,2019-12-31,117995,1460,119455
87,40932,62917,818,543,2019-12-31,103849,1361,105210
88,32902,52835,842,516,2019-12-31,85737,1358,87095
89,27431,44420,854,525,2019-12-31,71851,1379,73230
90,23058,37339,870,500,2019-12-31,60397,1370,61767
91,19362,31112,898,498,2019-12-31,50474,1396,51870
92,15999,25881,825,463,2019-12-31,41880,1288,43168
93,12089,19373,621,447,2019-12-31,31462,1068,32530
94,10014,15606,559,373,2019-12-31,25620,932,26552
95,7422,11096,536,345,2019-12-31,18518,881,19399
96,6551,8953,515,390,2019-12-31,15504,905,16409
97,5412,7215,504,338,2019-12-31,12627,842,13469
98,4816,6045,499,368,2019-12-31,10861,867,11728
99,4217,5194,481,319,2019-12-31,9411,800,10211
100,2931,3538,444,273,2019-12-31,6469,717,7186
101,7569,9253,1761,942,2019-12-31,16822,2703,19525
0,295651,279430,7273,6897,2020-05-31,575081,14170,589251
1,319473,301442,11927,11276,2020-05-31,620915,23203,644118
2,334016,314131,22999,21791,2020-05-31,648147,44790,692937
3,340047,321041,21279,19750,2020-05-31,661088,41029,702117
4,352154,334793,25025,23501,2020-05-31,686947,48526,735473
5,366157,346270,24417,23020,2020-05-31,712427,47437,759864
6,376082,355209,23578,22405,2020-05-31,731291,45983,777274
7,407100,384119,19774,18380,2020-05-31,791219,38154,829373
8,411904,388558,13922,12835,2020-05-31,800462,26757,827219
9,387011,366858,9824,9298,2020-05-31,753869,19122,772991
10,396647,374833,6683,6140,2020-05-31,771480,12823,784303
11,401858,379479,5309,4896,2020-05-31,781337,10205,791542
12,405423,383483,4145,3820,2020-05-31,788906,7965,796871
13,412293,389098,3996,3700,2020-05-31,801391,7696,809087
14,409587,387306,4164,3858,2020-05-31,796893,8022,804915
15,416736,396136,4929,4796,2020-05-31,812872,9725,822597
16,410130,389266,6290,6016,2020-05-31,799396,12306,811702
17,403936,383723,5961,5662,2020-05-31,787659,11623,799282
18,405507,386151,6101,5688,2020-05-31,791658,11789,803447
19,419901,401017,6241,5998,2020-05-31,820918,12239,833157
20,431899,411506,6297,6031,2020-05-31,843405,12328,855733
21,433615,414750,6533,6131,2020-05-31,848365,12664,861029
22,487459,467405,6313,5895,2020-05-31,954864,12208,967072
23,503614,483036,6466,5792,2020-05-31,986650,12258,998908
24,496860,477045,5463,5248,2020-05-31,973905,10711,984616
25,490351,470601,5288,5106,2020-05-31,960952,10394,971346
26,480210,464661,5366,5202,2020-05-31,944871,10568,955439
27,483166,466536,5442,5288,2020-05-31,949702,10730,960432
28,491562,476518,4838,4835,2020-05-31,968080,9673,977753
29,483761,468793,4898,5019,2020-05-31,952554,9917,962471
30,466981,455210,4328,4699,2020-05-31,922191,9027,931218
31,459272,447753,4627,5054,2020-05-31,907025,9681,916706
32,436743,428783,4475,4817,2020-05-31,865526,9292,874818
33,453243,447545,5036,5537,2020-05-31,900788,10573,911361
34,472062,466450,4543,5177,2020-05-31,938512,9720,948232
35,482671,479578,4640,5176,2020-05-31,962249,9816,972065
36,479900,477695,4923,5735,2020-05-31,957595,10658,968253
37,500996,501967,5140,5826,2020-05-31,1002963,10966,1013929
38,513342,515174,5404,6051,2020-05-31,1028516,11455,1039971
39,510471,513898,5700,6354,2020-05-31,1024369,12054,1036423
40,514460,521090,5103,5522,2020-05-31,1035550,10625,1046175
41,506101,513895,5973,6387,2020-05-31,1019996,12360,1032356
42,500239,513732,5003,5018,2020-05-31,1013971,10021,1023992
43,526264,544262,5378,5649,2020-05-31,1070526,11027,1081553
44,498751,517936,4943,4863,2020-05-31,1016687,9806,1026493
45,511206,535867,4679,4716,2020-05-31,1047073,9395,1056468
46,504197,530794,5453,5246,2020-05-31,1034991,10699,1045690
47,495480,529749,4930,4639,2020-05-31,1025229,9569,1034798
48,510106,546434,4822,4427,2020-05-31,1056540,9249,1065789
49,521157,562986,4946,4742,2020-05-31,1084143,9688,1093831
50,493690,536713,4041,3740,2020-05-31,1030403,7781,1038184
51,497123,547657,5110,4659,2020-05-31,1044780,9769,1054549
52,504312,552395,3993,3307,2020-05-31,1056707,7300,1064007
53,465310,514879,4045,3559,2020-05-31,980189,7604,987793
54,481155,537737,3927,3203,2020-05-31,1018892,7130,1026022
55,471727,531698,3645,2916,2020-05-31,1003425,6561,1009986
56,448768,504399,4137,3369,2020-05-31,953167,7506,960673
57,431744,483635,3750,2870,2020-05-31,915379,6620,921999
58,424393,477026,3398,2522,2020-05-31,901419,5920,907339
59,396146,450910,3779,2911,2020-05-31,847056,6690,853746
60,398218,458586,3237,2177,2020-05-31,856804,5414,862218
61,365824,423134,3647,2832,2020-05-31,788958,6479,795437
62,337007,393584,3223,2183,2020-05-31,730591,5406,735997
63,317752,371917,3376,2366,2020-05-31,689669,5742,695411
64,306395,360254,3113,1961,2020-05-31,666649,5074,671723
65,296861,356119,2876,1736,2020-05-31,652980,4612,657592
66,269168,323802,3055,1895,2020-05-31,592970,4950,597920
67,261717,316240,2892,1548,2020-05-31,577957,4440,582397
68,245480,298019,2557,1357,2020-05-31,543499,3914,547413
69,228082,280678,2769,1520,2020-05-31,508760,4289,513049
70,218937,271756,2419,1128,2020-05-31,490693,3547,494240
71,196388,243384,2576,1324,2020-05-31,439772,3900,443672
72,173139,215812,2193,995,2020-05-31,388951,3188,392139
73,159318,201593,2143,1054,2020-05-31,360911,3197,364108
74,137928,177046,1936,971,2020-05-31,314974,2907,317881
75,127862,164084,1830,876,2020-05-31,291946,2706,294652
76,122463,157355,1913,1001,2020-05-31,279818,2914,282732
77,108761,144527,1622,928,2020-05-31,253288,2550,255838
78,110278,148256,1453,893,2020-05-31,258534,2346,260880
79,96885,131940,1426,983,2020-05-31,228825,2409,231234
80,88114,123792,1319,806,2020-05-31,211906,2125,214031
81,86703,120978,1253,982,2020-05-31,207681,2235,209916
82,76615,111525,1119,806,2020-05-31,188140,1925,190065
83,67093,98639,1002,763,2020-05-31,165732,1765,167497
84,61805,92429,1012,827,2020-05-31,154234,1839,156073
85,51788,77413,903,618,2020-05-31,129201,1521,130722
86,46901,71415,854,624,2020-05-31,118316,1478,119794
87,39522,61548,791,533,2020-05-31,101070,1324,102394
88,34199,53399,825,516,2020-05-31,87598,1341,88939
89,26864,44113,838,506,2020-05-31,70977,1344,72321
90,23238,37121,859,495,2020-05-31,60359,1354,61713
91,18578,29905,830,476,2020-05-31,48483,1306,49789
92,16492,26427,796,444,2020-05-31,42919,1240,44159
93,11780,18888,646,439,2020-05-31,30668,1085,31753
94,10251,15724,543,361,2020-05-31,25975,904,26879
95,7411,10908,531,334,2020-05-31,18319,865,19184
96,6325,8696,487,358,2020-05-31,15021,845,15866
97,5464,7093,493,337,2020-05-31,12557,830,13387
98,4621,5715,499,351,2020-05-31,10336,850,11186
99,4364,5307,463,315,2020-05-31,9671,778,10449
100,3278,3723,450,263,2020-05-31,7001,713,7714
101,7790,9273,1771,926,2020-05-31,17063,2697,19760
0,290329,273319,7011,6474,2020-12-31,563648,13485,577133
1,305576,289390,9715,9183,2020-12-31,594966,18898,613864
2,322621,304290,18164,17241,2020-12-31,626911,35405,662316
3,339604,319703,22551,21068,2020-12-31,659307,43619,702926
4,342143,323641,22876,21360,2020-12-31,665784,44236,710020
5,354468,336729,24885,23479,2020-12-31,691197,48364,739561
6,376192,355386,24854,23430,2020-12-31,731578,48284,779862
7,384574,362764,22143,20955,2020-12-31,747338,43098,790436
8,411199,388800,17938,16479,2020-12-31,799999,34417,834416
9,402766,380322,12455,11759,2020-12-31,783088,24214,807302
10,388443,367931,7616,7272,2020-12-31,756374,14888,771262
11,400250,377718,5277,4734,2020-12-31,777968,10011,787979
12,402695,380404,4031,3784,2020-12-31,783099,7815,790914
13,411337,389088,3353,3139,2020-12-31,800425,6492,806917
14,407891,385146,3466,3202,2020-12-31,793037,6668,799705
15,411920,391083,3694,3567,2020-12-31,803003,7261,810264
16,416544,395789,4944,4795,2020-12-31,812333,9739,822072
17,404872,384172,5427,5127,2020-12-31,789044,10554,799598
18,406144,386357,5791,5538,2020-12-31,792501,11329,803830
19,407389,388001,6249,5894,2020-12-31,795390,12143,807533
20,428147,410131,6403,6160,2020-12-31,838278,12563,850841
21,427979,408007,6374,6083,2020-12-31,835986,12457,848443
22,455722,437136,6252,5817,2020-12-31,892858,12069,904927
23,493590,473009,6381,5866,2020-12-31,966599,12247,978846
24,503851,483198,6017,5555,2020-12-31,987049,11572,998621
25,497159,479310,5464,5249,2020-12-31,976469,10713,987182
26,480849,462358,5301,5088,2020-12-31,943207,10389,953596
27,482752,467068,5374,5259,2020-12-31,949820,10633,960453
28,489730,474825,5377,5302,2020-12-31,964555,10679,975234
29,486694,471467,4813,4819,2020-12-31,958161,9632,967793
30,478899,466664,4848,5077,2020-12-31,945563,9925,955488
31,459206,447472,4452,4862,2020-12-31,906678,9314,915992
32,448489,438365,4512,4940,2020-12-31,886854,9452,896306
33,444326,438927,4855,5164,2020-12-31,883253,10019,893272
34,458921,453995,4927,5519,2020-12-31,912916,10446,923362
35,475918,472130,4619,5289,2020-12-31,948048,9908,957956
36,477559,475914,4841,5446,2020-12-31,953473,10287,963760
37,487733,488912,4999,5679,2020-12-31,976645,10678,987323
38,503912,507036,5323,6050,2020-12-31,1010948,11373,1022321
39,503601,507317,5425,6167,2020-12-31,1010918,11592,1022510
40,513381,518186,5642,6170,2020-12-31,1031567,11812,1043379
41,512732,521111,5444,5824,2020-12-31,1033843,11268,1045111
42,493815,506302,5676,5989,2020-12-31,1000117,11665,1011782
43,516789,532768,5216,5304,2020-12-31,1049557,10520,1060077
44,508369,528665,5244,5350,2020-12-31,1037034,10594,1047628
45,497171,519788,4991,4898,2020-12-31,1016959,9889,1026848
46,503821,531045,4911,4868,2020-12-31,1034866,9779,1044645
47,490918,521513,5316,5086,2020-12-31,1012431,10402,1022833
48,503310,540394,4970,4629,2020-12-31,1043704,9599,1053303
49,507724,550867,4859,4487,2020-12-31,1058591,9346,1067937
50,496276,538300,4853,4501,2020-12-31,1034576,9354,1043930
51,485085,532839,4212,3910,2020-12-31,1017924,8122,1026046
52,499595,551906,4940,4421,2020-12-31,1051501,9361,1060862
53,476354,525832,4133,3360,2020-12-31,1002186,7493,1009679
54,461706,517429,4010,3469,2020-12-31,979135,7479,986614
55,466136,523165,4003,3149,2020-12-31,989301,7152,996453
56,459961,522312,3771,2999,2020-12-31,982273,6770,989043
57,431347,486427,4037,3270,2020-12-31,917774,7307,925081
58,419258,472700,3807,2860,2020-12-31,891958,6667,898625
59,397764,451877,3433,2488,2020-12-31,849641,5921,855562
60,392017,453732,3769,2827,2020-12-31,845749,6596,852345
61,373487,432356,3353,2313,2020-12-31,805843,5666,811509
62,339233,398604,3586,2650,2020-12-31,737837,6236,744073
63,324986,383462,3365,2217,2020-12-31,708448,5582,714030
64,298497,349897,3277,2273,2020-12-31,648394,5550,653944
65,275249,327416,3133,1857,2020-12-31,602665,4990,607655
66,277588,336920,2850,1768,2020-12-31,614508,4618,619126
67,254822,311216,3048,1801,2020-12-31,566038,4849,570887
68,248393,302794,2874,1500,2020-12-31,551187,4374,555561
69,230645,284019,2562,1307,2020-12-31,514664,3869,518533
70,216345,269798,2747,1481,2020-12-31,486143,4228,490371
71,206452,260498,2405,1115,2020-12-31,466950,3520,470470
72,181909,228460,2463,1218,2020-12-31,410369,3681,414050
73,162330,205625,2172,996,2020-12-31,367955,3168,371123
74,145677,187620,1994,974,2020-12-31,333297,2968,336265
75,127639,166850,1803,911,2020-12-31,294489,2714,297203
76,120569,156817,1787,875,2020-12-31,277386,2662,280048
77,109703,146264,1726,901,2020-12-31,255967,2627,258594
78,102183,138571,1470,893,2020-12-31,240754,2363,243117
79,98846,136927,1371,854,2020-12-31,235773,2225,237998
80,83824,119710,1345,926,2020-12-31,203534,2271,205805
81,83098,119037,1192,775,2020-12-31,202135,1967,204102
82,76695,112212,1102,934,2020-12-31,188907,2036,190943
83,66208,100655,963,717,2020-12-31,166863,1680,168543
84,59038,90633,846,713,2020-12-31,149671,1559,151230
85,51513,81734,904,769,2020-12-31,133247,1673,134920
86,44521,70200,794,560,2020-12-31,114721,1354,116075
87,38627,63357,725,556,2020-12-31,101984,1281,103265
88,33501,55048,696,474,2020-12-31,88549,1170,89719
89,26637,45415,719,466,2020-12-31,72052,1185,73237
90,21854,37741,710,470,2020-12-31,59595,1180,60775
91,17975,31278,706,440,2020-12-31,49253,1146,50399
92,14833,25579,726,431,2020-12-31,40412,1157,41569
93,12170,21089,662,385,2020-12-31,33259,1047,34306
94,8912,15458,485,379,2020-12-31,24370,864,25234
95,7099,12033,452,317,2020-12-31,19132,769,19901
96,5202,8360,428,276,2020-12-31,13562,704,14266
97,4510,6531,399,306,2020-12-31,11041,705,11746
98,3575,5125,388,271,2020-12-31,8700,659,9359
99,3141,4258,396,283,2020-12-31,7399,679,8078
100,2810,3619,359,257,2020-12-31,6429,616,7045
101,8468,10166,2004,1041,2020-12-31,18634,3045,21679
0,276534,260784,6562,6051,2021-05-31,537318,12613,549931
1,298927,282676,8629,8087,2021-05-31,581603,16716,598319
2,319484,301522,12896,12220,2021-05-31,621006,25116,646122
3,334041,314224,23819,22506,2021-05-31,648265,46325,694590
4,340102,321136,21415,19909,2021-05-31,661238,41324,702562
5,352216,334877,25057,23507,2021-05-31,687093,48564,735657
6,366248,346366,24534,23182,2021-05-31,712614,47716,760330
7,376184,355317,23740,22580,2021-05-31,731501,46320,777821
8,407163,384239,19929,18523,2021-05-31,791402,38452,829854
9,411998,388696,14119,13055,2021-05-31,800694,27174,827868
10,387056,366929,8991,8573,2021-05-31,753985,17564,771549
11,396473,374709,5948,5476,2021-05-31,771182,11424,782606
12,401575,379306,4624,4242,2021-05-31,780881,8866,789747
13,405025,383262,3527,3344,2021-05-31,788287,6871,795158
14,411749,388832,3505,3282,2021-05-31,800581,6787,807368
15,409000,387006,3688,3472,2021-05-31,796006,7160,803166
16,416010,395728,4406,4266,2021-05-31,811738,8672,820410
17,409310,388836,5465,5298,2021-05-31,798146,10763,808909
18,403191,383482,5690,5386,2021-05-31,786673,11076,797749
19,404938,386050,6293,5864,2021-05-31,790988,12157,803145
20,419269,400874,6406,6188,2021-05-31,820143,12594,832737
21,431199,411385,6427,6102,2021-05-31,842584,12529,855113
22,432933,414587,6548,6151,2021-05-31,847520,12699,860219
23,486599,467142,6299,5881,2021-05-31,953741,12180,965921
24,502683,482741,6450,5795,2021-05-31,985424,12245,997669
25,495883,476769,5500,5248,2021-05-31,972652,10748,983400
26,489375,470347,5323,5176,2021-05-31,959722,10499,970221
27,479231,464383,5385,5272,2021-05-31,943614,10657,954271
28,482083,466200,5519,5374,2021-05-31,948283,10893,959176
29,490417,476102,4940,4969,2021-05-31,966519,9909,976428
30,482292,468210,5029,5157,2021-05-31,950502,10186,960688
31,465578,454701,4470,4891,2021-05-31,920279,9361,929640
32,457769,447233,4742,5194,2021-05-31,905002,9936,914938
33,435040,428205,4642,4920,2021-05-31,863245,9562,872807
34,451211,446808,5179,5679,2021-05-31,898019,10858,908877
35,469314,465216,4701,5342,2021-05-31,934530,10043,944573
36,478783,477431,4783,5319,2021-05-31,956214,10102,966316
37,475819,475380,5049,5844,2021-05-31,951199,10893,962092
38,496861,499542,5294,5937,2021-05-31,996403,11231,1007634
39,508985,512615,5540,6211,2021-05-31,1021600,11751,1033351
40,506485,511815,5824,6481,2021-05-31,1018300,12305,1030605
41,510187,518804,5238,5630,2021-05-31,1028991,10868,1039859
42,501642,511454,6025,6454,2021-05-31,1013096,12479,1025575
43,495481,510972,5084,5124,2021-05-31,1006453,10208,1016661
44,520642,541017,5459,5716,2021-05-31,1061659,11175,1072834
45,492721,514393,5047,4919,2021-05-31,1007114,9966,1017080
46,504334,531798,4782,4775,2021-05-31,1036132,9557,1045689
47,497065,526255,5526,5269,2021-05-31,1023320,10795,1034115
48,487766,524881,5018,4673,2021-05-31,1012647,9691,1022338
49,501842,540851,4880,4462,2021-05-31,1042693,9342,1052035
50,512027,556781,5002,4768,2021-05-31,1068808,9770,1078578
51,484475,530310,4102,3780,2021-05-31,1014785,7882,1022667
52,487516,540855,5174,4680,2021-05-31,1028371,9854,1038225
53,493986,545041,4074,3309,2021-05-31,1039027,7383,1046410
54,455327,507688,4123,3570,2021-05-31,963015,7693,970708
55,470577,529873,3990,3209,2021-05-31,1000450,7199,1007649
56,460701,523699,3710,2931,2021-05-31,984400,6641,991041
57,437754,496353,4202,3365,2021-05-31,934107,7567,941674
58,420903,475892,3846,2865,2021-05-31,896795,6711,903506
59,413387,469014,3455,2537,2021-05-31,882401,5992,888393
60,385079,443143,3843,2907,2021-05-31,828222,6750,834972
61,386570,450207,3307,2182,2021-05-31,836777,5489,842266
62,354511,415072,3676,2816,2021-05-31,769583,6492,776075
63,326107,385616,3298,2164,2021-05-31,711723,5462,717185
64,307564,364402,3412,2352,2021-05-31,671966,5764,677730
65,295356,351677,3162,1918,2021-05-31,647033,5080,652113
66,285500,347210,2934,1698,2021-05-31,632710,4632,637342
67,258151,315176,3085,1846,2021-05-31,573327,4931,578258
68,250776,307315,2917,1502,2021-05-31,558091,4419,562510
69,234813,289388,2585,1319,2021-05-31,524201,3904,528105
70,217585,271868,2771,1495,2021-05-31,489453,4266,493719
71,208273,262650,2392,1092,2021-05-31,470923,3484,474407
72,186115,234581,2537,1285,2021-05-31,420696,3822,424518
73,163340,207506,2189,959,2021-05-31,370846,3148,373994
74,149524,193079,2102,1010,2021-05-31,342603,3112,345715
75,128964,168938,1876,936,2021-05-31,297902,2812,300714
76,118928,156216,1771,838,2021-05-31,275144,2609,277753
77,113073,149168,1826,938,2021-05-31,262241,2764,265005
78,99727,136315,1530,882,2021-05-31,236042,2412,238454
79,100201,139171,1368,836,2021-05-31,239372,2204,241576
80,87302,122989,1335,923,2021-05-31,210291,2258,212549
81,78397,114645,1187,737,2021-05-31,193042,1924,194966
82,76915,111540,1134,926,2021-05-31,188455,2060,190515
83,67214,102018,978,740,2021-05-31,169232,1718,170950
84,58162,89482,869,702,2021-05-31,147644,1571,149215
85,52664,83203,876,748,2021-05-31,135867,1624,137491
86,43683,69075,792,547,2021-05-31,112758,1339,114097
87,38935,63000,723,553,2021-05-31,101935,1276,103211
88,32282,53730,673,462,2021-05-31,86012,1135,87147
89,27605,45948,692,460,2021-05-31,73553,1152,74705
90,21308,37291,698,449,2021-05-31,58599,1147,59746
91,18181,31061,687,432,2021-05-31,49242,1119,50361
92,14167,24587,671,399,2021-05-31,38754,1070,39824
93,12436,21371,648,378,2021-05-31,33807,1026,34833
94,8681,14998,504,366,2021-05-31,23679,870,24549
95,7276,12020,433,302,2021-05-31,19296,735,20031
96,5200,8208,416,271,2021-05-31,13408,687,14095
97,4318,6326,378,284,2021-05-31,10644,662,11306
98,3626,5002,381,270,2021-05-31,8628,651,9279
99,3022,3982,406,275,2021-05-31,7004,681,7685
100,2888,3675,343,246,2021-05-31,6563,589,7152
101,8804,10227,2008,1025,2021-05-31,19031,3033,22064
0,270624,255189,6263,5722,2021-12-31,525813,11985,537798
1,292630,275446,7367,6803,2021-12-31,568076,14170,582246
2,305669,289534,9681,9165,2021-12-31,595203,18846,614049
3,322652,304417,18133,17196,2021-12-31,627069,35329,662398
4,339633,319787,22524,21045,2021-12-31,659420,43569,702989
5,342195,323737,22832,21332,2021-12-31,665932,44164,710096
6,354535,336823,24861,23449,2021-12-31,691358,48310,739668
7,376288,355484,24822,23405,2021-12-31,731772,48227,779999
8,384643,362853,22130,20937,2021-12-31,747496,43067,790563
9,411248,388880,17922,16482,2021-12-31,800128,34404,834532
10,402780,380338,10470,9815,2021-12-31,783118,20285,803403
11,388463,367995,7314,6993,2021-12-31,756458,14307,770765
12,400256,377750,5367,4812,2021-12-31,778006,10179,788185
13,402657,380447,4114,3895,2021-12-31,783104,8009,791113
14,411176,389089,3462,3296,2021-12-31,800265,6758,807023
15,407651,385136,3609,3338,2021-12-31,792787,6947,799734
16,411549,391004,3859,3700,2021-12-31,802553,7559,810112
17,416130,395754,5065,4881,2021-12-31,811884,9946,821830
18,404478,384101,5594,5275,2021-12-31,788579,10869,799448
19,405678,386304,5941,5643,2021-12-31,791982,11584,803566
20,406926,387886,6420,6064,2021-12-31,794812,12484,807296
21,427651,410035,6506,6223,2021-12-31,837686,12729,850415
22,427430,407925,6453,6138,2021-12-31,835355,12591,847946
23,455019,437015,6308,5860,2021-12-31,892034,12168,904202
24,492791,472834,6449,5941,2021-12-31,965625,12390,978015
25,503020,483014,6074,5641,2021-12-31,986034,11715,997749
26,496243,479121,5522,5328,2021-12-31,975364,10850,986214
27,479936,462134,5354,5194,2021-12-31,942070,10548,952618
28,481826,466798,5421,5383,2021-12-31,948624,10804,959428
29,488680,474521,5445,5452,2021-12-31,963201,10897,974098
30,485506,471105,4938,4997,2021-12-31,956611,9935,966546
31,477659,466327,5003,5194,2021-12-31,943986,10197,954183
32,457930,447088,4572,5020,2021-12-31,905018,9592,914610
33,447175,437987,4642,5092,2021-12-31,885162,9734,894896
34,442878,438528,4990,5277,2021-12-31,881406,10267,891673
35,457428,453479,5083,5639,2021-12-31,910907,10722,921629
36,474245,471561,4774,5428,2021-12-31,945806,10202,956008
37,475778,475287,4943,5574,2021-12-31,951065,10517,961582
38,485745,488154,5141,5818,2021-12-31,973899,10959,984858
39,501793,506239,5426,6172,2021-12-31,1008032,11598,1019630
40,501224,506446,5583,6290,2021-12-31,1007670,11873,1019543
41,510820,517232,5760,6282,2021-12-31,1028052,12042,1040094
42,509807,520073,5521,5914,2021-12-31,1029880,11435,1041315
43,490955,505110,5764,6079,2021-12-31,996065,11843,1007908
44,513380,531483,5301,5368,2021-12-31,1044863,10669,1055532
45,504801,527269,5332,5408,2021-12-31,1032070,10740,1042810
46,493509,518278,5069,4949,2021-12-31,1011787,10018,1021805
47,499860,529441,5000,4912,2021-12-31,1029301,9912,1039213
48,486888,519856,5375,5120,2021-12-31,1006744,10495,1017239
49,499004,538483,5031,4673,2021-12-31,1037487,9704,1047191
50,503150,548776,4902,4519,2021-12-31,1051926,9421,1061347
51,491711,536161,4914,4542,2021-12-31,1027872,9456,1037328
52,480237,530411,4278,3948,2021-12-31,1010648,8226,1018874
53,494213,549268,5023,4431,2021-12-31,1043481,9454,1052935
54,471159,523322,4206,3385,2021-12-31,994481,7591,1002072
55,456320,514644,4088,3478,2021-12-31,970964,7566,978530
56,460394,520134,4079,3167,2021-12-31,980528,7246,987774
57,453944,519090,3846,3027,2021-12-31,973034,6873,979907
58,425307,483204,4115,3279,2021-12-31,908511,7394,915905
59,413203,469500,3876,2883,2021-12-31,882703,6759,889462
60,391709,448484,3512,2504,2021-12-31,840193,6016,846209
61,385437,449929,3842,2833,2021-12-31,835366,6675,842041
62,366766,428529,3430,2323,2021-12-31,795295,5753,801048
63,332781,394834,3663,2643,2021-12-31,727615,6306,733921
64,318474,379511,3464,2220,2021-12-31,697985,5684,703669
65,292265,345999,3384,2258,2021-12-31,638264,5642,643906
66,269091,323398,3219,1849,2021-12-31,592489,5068,597557
67,270856,332357,2934,1756,2021-12-31,603213,4690,607903
68,248249,306468,3123,1775,2021-12-31,554717,4898,559615
69,241411,297798,2937,1494,2021-12-31,539209,4431,543640
70,223688,278844,2628,1290,2021-12-31,502532,3918,506450
71,209350,264503,2754,1474,2021-12-31,473853,4228,478081
72,199209,254857,2420,1109,2021-12-31,454066,3529,457595
73,175113,222983,2476,1199,2021-12-31,398096,3675,401771
74,155603,200264,2181,976,2021-12-31,355867,3157,359024
75,139224,182256,1997,956,2021-12-31,321480,2953,324433
76,121522,161468,1797,888,2021-12-31,282990,2685,285675
77,114251,151332,1767,859,2021-12-31,265583,2626,268209
78,103592,140669,1670,875,2021-12-31,244261,2545,246806
79,96013,132500,1415,858,2021-12-31,228513,2273,230786
80,92375,130480,1320,824,2021-12-31,222855,2144,224999
81,77750,113449,1297,881,2021-12-31,191199,2178,193377
82,76815,112188,1140,738,2021-12-31,189003,1878,190881
83,70291,105221,1038,884,2021-12-31,175512,1922,177434
84,60358,93699,896,679,2021-12-31,154057,1575,155632
85,53353,83512,775,670,2021-12-31,136865,1445,138310
86,46204,74758,836,713,2021-12-31,120962,1549,122511
87,39547,63529,733,515,2021-12-31,103076,1248,104324
88,34003,56717,656,518,2021-12-31,90720,1174,91894
89,29254,48872,654,430,2021-12-31,78126,1084,79210
90,23050,39954,647,424,2021-12-31,63004,1071,64075
91,18684,32695,640,430,2021-12-31,51379,1070,52449
92,15350,26790,636,399,2021-12-31,42140,1035,43175
93,12579,21683,656,382,2021-12-31,34262,1038,35300
94,10331,17728,619,342,2021-12-31,28059,961,29020
95,7524,12800,435,335,2021-12-31,20324,770,21094
96,6002,9934,412,275,2021-12-31,15936,687,16623
97,4484,6776,400,243,2021-12-31,11260,643,11903
98,3893,5351,364,271,2021-12-31,9244,635,9879
99,3154,4208,366,224,2021-12-31,7362,590,7952
100,2817,3522,377,254,2021-12-31,6339,631,6970
101,10551,12162,2281,1160,2021-12-31,22713,3441,26154
0,261387,245901,6351,5827,2022-05-31,507288,12178,519466
1,279253,263572,6838,6310,2022-05-31,542825,13148,555973
2,299100,282981,8618,8096,2022-05-31,582081,16714,598795
3,319545,301718,12871,12186,2022-05-31,621263,25057,646320
4,334080,314380,23805,22467,2022-05-31,648460,46272,694732
5,340165,321265,21382,19892,2022-05-31,661430,41274,702704
6,352279,334972,25014,23466,2022-05-31,687251,48480,735731
7,366317,346464,24501,23142,2022-05-31,712781,47643,760424
8,376233,355410,23731,22542,2022-05-31,731643,46273,777916
9,407204,384288,19914,18546,2022-05-31,791492,38460,829952
10,411957,388704,11508,10752,2022-05-31,800661,22260,822921
11,387059,366964,8279,7883,2022-05-31,754023,16162,770185
12,396454,374724,5994,5562,2022-05-31,771178,11556,782734
13,401499,379317,4697,4323,2022-05-31,780816,9020,789836
14,404898,383279,3584,3394,2022-05-31,788177,6978,795155
15,411506,388786,3645,3420,2022-05-31,800292,7065,807357
16,408640,386934,3809,3566,2022-05-31,795574,7375,802949
17,415602,395637,4527,4370,2022-05-31,811239,8897,820136
18,408931,388758,5595,5413,2022-05-31,797689,11008,808697
19,402776,383398,5850,5520,2022-05-31,786174,11370,797544
20,404461,385917,6419,5980,2022-05-31,790378,12399,802777
21,418754,400742,6523,6284,2022-05-31,819496,12807,832303
22,430666,411260,6483,6163,2022-05-31,841926,12646,854572
23,432211,414459,6613,6178,2022-05-31,846670,12791,859461
24,485785,466970,6376,5923,2022-05-31,952755,12299,965054
25,501786,482522,6484,5871,2022-05-31,984308,12355,996663
26,494954,476547,5581,5335,2022-05-31,971501,10916,982417
27,488411,470049,5383,5271,2022-05-31,958460,10654,969114
28,478311,464153,5447,5355,2022-05-31,942464,10802,953266
29,480999,465869,5589,5498,2022-05-31,946868,11087,957955
30,489298,475722,5058,5139,2022-05-31,965020,10197,975217
31,480988,467805,5160,5292,2022-05-31,948793,10452,959245
32,464299,454318,4620,5004,2022-05-31,918617,9624,928241
33,456364,446848,4870,5306,2022-05-31,903212,10176,913388
34,433681,427741,4757,5050,2022-05-31,861422,9807,871229
35,449660,446262,5297,5791,2022-05-31,895922,11088,907010
36,467738,464662,4823,5483,2022-05-31,932400,10306,942706
37,476926,476768,4898,5473,2022-05-31,953694,10371,964065
38,473821,474646,5141,5986,2022-05-31,948467,11127,959594
39,494641,498732,5420,6052,2022-05-31,993373,11472,1004845
40,506588,511626,5666,6310,2022-05-31,1018214,11976,1030190
41,503895,510882,5951,6601,2022-05-31,1014777,12552,1027329
42,507323,517698,5350,5723,2022-05-31,1025021,11073,1036094
43,498433,510238,6106,6525,2022-05-31,1008671,12631,1021302
44,492228,509686,5171,5190,2022-05-31,1001914,10361,1012275
45,516974,539561,5554,5777,2022-05-31,1056535,11331,1067866
46,489189,512857,5112,4985,2022-05-31,1002046,10097,1012143
47,500337,530135,4855,4816,2022-05-31,1030472,9671,1040143
48,492909,524543,5572,5321,2022-05-31,1017452,10893,1028345
49,483330,522997,5091,4702,2022-05-31,1006327,9793,1016120
50,497347,538739,4920,4489,2022-05-31,1036086,9409,1045495
51,507026,554413,5063,4813,2022-05-31,1061439,9876,1071315
52,479612,527980,4162,3812,2022-05-31,1007592,7974,1015566
53,482234,538312,5251,4693,2022-05-31,1020546,9944,1030490
54,488401,542273,4157,3339,2022-05-31,1030674,7496,1038170
55,450020,504863,4180,3576,2022-05-31,954883,7756,962639
56,464690,526766,4066,3217,2022-05-31,991456,7283,998739
57,454508,520365,3794,2954,2022-05-31,974873,6748,981621
58,431639,493014,4296,3383,2022-05-31,924653,7679,932332
59,414838,472446,3907,2880,2022-05-31,887284,6787,894071
60,406852,465398,3554,2556,2022-05-31,872250,6110,878360
61,378535,439375,3935,2913,2022-05-31,817910,6848,824758
62,379439,446048,3394,2188,2022-05-31,825487,5582,831069
63,347689,411001,3777,2809,2022-05-31,758690,6586,765276
64,319448,381524,3406,2166,2022-05-31,700972,5572,706544
65,300763,360113,3554,2347,2022-05-31,660876,5901,666777
66,288386,347256,3267,1916,2022-05-31,635642,5183,640825
67,278348,342284,3030,1690,2022-05-31,620632,4720,625352
68,251216,310193,3169,1837,2022-05-31,561409,5006,566415
69,243539,302043,2978,1507,2022-05-31,545582,4485,550067
70,227390,283882,2644,1316,2022-05-31,511272,3960,515232
71,210275,266165,2786,1480,2022-05-31,476440,4266,480706
72,200671,256687,2402,1087,2022-05-31,457358,3489,460847
73,178765,228685,2567,1260,2022-05-31,407450,3827,411277
74,156294,201737,2215,935,2022-05-31,358031,3150,361181
75,142490,187212,2102,998,2022-05-31,329702,3100,332802
76,122425,163239,1854,903,2022-05-31,285664,2757,288421
77,112359,150347,1750,817,2022-05-31,262706,2567,265273
78,106306,143068,1792,916,2022-05-31,249374,2708,252082
79,93317,130029,1478,851,2022-05-31,223346,2329,225675
80,93201,132153,1320,807,2022-05-31,225354,2127,227481
81,80580,116129,1283,871,2022-05-31,196709,2154,198863
82,72007,107445,1125,707,2022-05-31,179452,1832,181284
83,70091,104122,1074,886,2022-05-31,174213,1960,176173
84,60765,94504,906,708,2022-05-31,155269,1614,156883
85,52275,81974,808,657,2022-05-31,134249,1465,135714
86,46698,75557,799,686,2022-05-31,122255,1485,123740
87,38564,62064,726,506,2022-05-31,100628,1232,101860
88,33790,55963,662,508,2022-05-31,89753,1170,90923
89,27795,47215,623,421,2022-05-31,75010,1044,76054
90,23607,39715,624,415,2022-05-31,63322,1039,64361
91,18116,32009,623,405,2022-05-31,50125,1028,51153
92,15201,26253,627,389,2022-05-31,41454,1016,42470
93,11746,20526,601,338,2022-05-31,32272,939,33211
94,10363,17581,600,325,2022-05-31,27944,925,28869
95,7222,12233,453,315,2022-05-31,19455,768,20223
96,6130,9744,398,264,2022-05-31,15874,662,16536
97,4445,6686,389,231,2022-05-31,11131,620,11751
98,3739,5106,356,246,2022-05-31,8845,602,9447
99,3151,4060,360,231,2022-05-31,7211,591,7802
100,2698,3247,382,233,2022-05-31,5945,615,6560
101,10962,12279,2288,1135,2022-05-31,23241,3423,26664
0,248861,232760,6963,6563,2022-12-31,481621,13526,495147
1,273388,258041,6808,6226,2022-12-31,531429,13034,544463
2,293041,276076,7397,6860,2022-12-31,569117,14257,583374
3,305875,290056,9674,9136,2022-12-31,595931,18810,614741
4,322797,304773,18101,17164,2022-12-31,627570,35265,662835
5,339818,320057,22537,21061,2022-12-31,659875,43598,703473
6,342410,324006,22853,21358,2022-12-31,666416,44211,710627
7,354729,337056,24896,23505,2022-12-31,691785,48401,740186
8,376471,355760,24859,23393,2022-12-31,732231,48252,780483
9,384760,363035,22160,20967,2022-12-31,747795,43127,790922
10,411291,389010,14116,12996,2022-12-31,800301,27112,827413
11,402861,380465,9517,8981,2022-12-31,783326,18498,801824
12,388457,368085,7433,7094,2022-12-31,756542,14527,771069
13,400218,377834,5477,4968,2022-12-31,778052,10445,788497
14,402522,380497,4249,4042,2022-12-31,783019,8291,791310
15,410954,389103,3651,3471,2022-12-31,800057,7122,807179
16,407340,385094,3818,3508,2022-12-31,792434,7326,799760
17,411174,390978,3981,3832,2022-12-31,802152,7813,809965
18,415729,395735,5084,4901,2022-12-31,811464,9985,821449
19,404089,384066,5508,5235,2022-12-31,788155,10743,798898
20,405182,386238,5928,5665,2022-12-31,791420,11593,803013
21,406394,387807,6230,5922,2022-12-31,794201,12152,806353
22,427162,409948,6240,5969,2022-12-31,837110,12209,849319
23,426803,407863,6191,5880,2022-12-31,834666,12071,846737
24,454276,436925,6015,5528,2022-12-31,891201,11543,902744
25,491964,472713,6185,5724,2022-12-31,964677,11909,976586
26,502206,482839,6048,5646,2022-12-31,985045,11694,996739
27,495336,478887,5533,5360,2022-12-31,974223,10893,985116
28,478987,461908,5430,5264,2022-12-31,940895,10694,951589
29,480882,466589,5485,5420,2022-12-31,947471,10905,958376
30,487616,474231,5542,5565,2022-12-31,961847,11107,972954
31,484324,470784,5073,5137,2022-12-31,955108,10210,965318
32,476356,465975,5127,5333,2022-12-31,942331,10460,952791
33,456613,446726,4735,5178,2022-12-31,903339,9913,913252
34,445887,437560,4763,5219,2022-12-31,883447,9982,893429
35,441519,438088,5132,5447,2022-12-31,879607,10579,890186
36,455913,452979,5215,5775,2022-12-31,908892,10990,919882
37,472631,470992,4896,5584,2022-12-31,943623,10480,954103
38,473872,474638,5077,5745,2022-12-31,948510,10822,959332
39,483732,487488,5265,5957,2022-12-31,971220,11222,982442
40,499571,505397,5546,6312,2022-12-31,1004968,11858,1016826
41,498806,505556,5708,6418,2022-12-31,1004362,12126,1016488
42,508122,516309,5853,6377,2022-12-31,1024431,12230,1036661
43,506788,518995,5680,6014,2022-12-31,1025783,11694,1037477
44,487856,504012,5849,6144,2022-12-31,991868,11993,1003861
45,509988,530180,5385,5454,2022-12-31,1040168,10839,1051007
46,501338,525862,5421,5499,2022-12-31,1027200,10920,1038120
47,489765,516782,5156,5009,2022-12-31,1006547,10165,1016712
48,495968,527840,5065,4964,2022-12-31,1023808,10029,1033837
49,482712,518230,5440,5176,2022-12-31,1000942,10616,1011558
50,494646,536660,5135,4711,2022-12-31,1031306,9846,1041152
51,498754,546725,5002,4560,2022-12-31,1045479,9562,1055041
52,486955,534048,5013,4588,2022-12-31,1021003,9601,1030604
53,475288,528127,4363,3988,2022-12-31,1003415,8351,1011766
54,488955,546797,5107,4476,2022-12-31,1035752,9583,1045335
55,465878,520812,4315,3426,2022-12-31,986690,7741,994431
56,450840,511783,4204,3504,2022-12-31,962623,7708,970331
57,454656,517067,4177,3206,2022-12-31,971723,7383,979106
58,447979,515953,3973,3061,2022-12-31,963932,7034,970966
59,419421,480007,4231,3299,2022-12-31,899428,7530,906958
60,407072,466145,3993,2908,2022-12-31,873217,6901,880118
61,385290,445005,3666,2538,2022-12-31,830295,6204,836499
62,378687,446139,3954,2826,2022-12-31,824826,6780,831606
63,360072,424634,3566,2329,2022-12-31,784706,5895,790601
64,326300,390951,3789,2655,2022-12-31,717251,6444,723695
65,311831,375501,3608,2235,2022-12-31,687332,5843,693175
66,285810,341855,3536,2279,2022-12-31,627665,5815,633480
67,262702,319189,3297,1844,2022-12-31,581891,5141,587032
68,263825,327535,3048,1755,2022-12-31,591360,4803,596163
69,241333,301624,3179,1766,2022-12-31,542957,4945,547902
70,234195,292653,3007,1502,2022-12-31,526848,4509,531357
71,216419,273510,2652,1295,2022-12-31,489929,3947,493876
72,201917,258959,2803,1457,2022-12-31,460876,4260,465136
73,191851,248831,2429,1092,2022-12-31,440682,3521,444203
74,167876,217160,2481,1187,2022-12-31,385036,3668,388704
75,148422,194506,2178,963,2022-12-31,342928,3141,346069
76,132451,176282,1978,934,2022-12-31,308733,2912,311645
77,114986,155580,1779,868,2022-12-31,270566,2647,273213
78,107635,145190,1731,833,2022-12-31,252825,2564,255389
79,96899,134485,1634,856,2022-12-31,231384,2490,233874
80,89364,126001,1366,831,2022-12-31,215365,2197,217562
81,85348,123343,1268,797,2022-12-31,208691,2065,210756
82,71409,106485,1246,838,2022-12-31,177894,2084,179978
83,70145,104556,1072,710,2022-12-31,174701,1782,176483
84,63644,97325,980,849,2022-12-31,160969,1829,162798
85,54164,85802,832,654,2022-12-31,139966,1486,141452
86,47415,75845,723,634,2022-12-31,123260,1357,124617
87,40535,67209,776,666,2022-12-31,107744,1442,109186
88,34384,56417,678,479,2022-12-31,90801,1157,91958
89,29082,49703,606,482,2022-12-31,78785,1088,79873
90,24894,42155,590,396,2022-12-31,67049,986,68035
91,19509,33939,575,385,2022-12-31,53448,960,54408
92,15639,27249,588,385,2022-12-31,42888,973,43861
93,12653,22138,563,356,2022-12-31,34791,919,35710
94,10238,17677,590,320,2022-12-31,27915,910,28825
95,8523,14298,567,296,2022-12-31,22821,863,23684
96,6230,10117,399,286,2022-12-31,16347,685,17032
97,5034,7861,380,245,2022-12-31,12895,625,13520
98,3812,5359,376,203,2022-12-31,9171,579,9750
99,3397,4278,343,241,2022-12-31,7675,584,8259
100,2784,3376,348,198,2022-12-31,6160,546,6706
101,12518,13759,2591,1271,2022-12-31,26277,3862,30139
0,255861,239766,7961,7563,2023-05-31,495627,15524,511151
1,264124,248773,6880,6342,2023-05-31,512897,13222,526119
2,279766,264268,6968,6440,2023-05-31,544034,13408,557442
3,299469,283618,8628,8112,2023-05-31,583087,16740,599827
4,319778,302106,12875,12173,2023-05-31,621884,25048,646932
5,334314,314694,23820,22466,2023-05-31,649008,46286,695294
6,340358,321587,21429,19959,2023-05-31,661945,41388,703333
7,352516,335257,25083,23565,2023-05-31,687773,48648,736421
8,366502,346792,24590,23172,2023-05-31,713294,47762,761056
9,376388,355679,23831,22605,2023-05-31,732067,46436,778503
10,407245,384419,14480,13469,2023-05-31,791664,27949,819613
11,412028,388843,10431,9709,2023-05-31,800871,20140,821011
12,387085,367099,8467,8017,2023-05-31,754184,16484,770668
13,396386,374806,6157,5722,2023-05-31,771192,11879,783071
14,401366,379368,4878,4527,2023-05-31,780734,9405,790139
15,404647,383281,3814,3613,2023-05-31,787928,7427,795355
16,411182,388739,3899,3632,2023-05-31,799921,7531,807452
17,408247,386925,3987,3743,2023-05-31,795172,7730,802902
18,415201,395609,4615,4464,2023-05-31,810810,9079,819889
19,408551,388737,5544,5385,2023-05-31,797288,10929,808217
20,402301,383373,5833,5487,2023-05-31,785674,11320,796994
21,404018,385902,6298,5892,2023-05-31,789920,12190,802110
22,418231,400706,6276,6035,2023-05-31,818937,12311,831248
23,430124,411214,6178,5899,2023-05-31,841338,12077,853415
24,431586,414391,6314,5885,2023-05-31,845977,12199,858176
25,485079,466911,6075,5646,2023-05-31,951990,11721,963711
26,501031,482382,6363,5791,2023-05-31,983413,12154,995567
27,494094,476370,5578,5347,2023-05-31,970464,10925,981389
28,487557,469866,5419,5303,2023-05-31,957423,10722,968145
29,477373,463955,5508,5409,2023-05-31,941328,10917,952245
30,480030,465633,5666,5588,2023-05-31,945663,11254,956917
31,488166,475443,5176,5263,2023-05-31,963609,10439,974048
32,479684,467490,5281,5436,2023-05-31,947174,10717,957891
33,462930,453985,4767,5171,2023-05-31,916915,9938,926853
34,455095,446438,5002,5466,2023-05-31,901533,10468,912001
35,432367,427385,4901,5219,2023-05-31,859752,10120,869872
36,448237,445797,5472,5956,2023-05-31,894034,11428,905462
37,466063,464164,4980,5617,2023-05-31,930227,10597,940824
38,475126,476173,5017,5637,2023-05-31,951299,10654,961953
39,471978,474067,5271,6133,2023-05-31,946045,11404,957449
40,492429,497993,5539,6174,2023-05-31,990422,11713,1002135
41,504321,510772,5811,6454,2023-05-31,1015093,12265,1027358
42,501325,509955,6050,6717,2023-05-31,1011280,12767,1024047
43,504448,516696,5488,5809,2023-05-31,1021144,11297,1032441
44,495371,509163,6200,6626,2023-05-31,1004534,12826,1017360
45,489038,508467,5265,5290,2023-05-31,997505,10555,1008060
46,513339,538213,5643,5855,2023-05-31,1051552,11498,1063050
47,485562,511441,5190,5042,2023-05-31,997003,10232,1007235
48,496457,528585,4930,4860,2023-05-31,1025042,9790,1034832
49,488834,522920,5644,5380,2023-05-31,1011754,11024,1022778
50,479145,521337,5152,4741,2023-05-31,1000482,9893,1010375
51,492889,536801,5047,4538,2023-05-31,1029690,9585,1039275
52,502331,552214,5198,4865,2023-05-31,1054545,10063,1064608
53,474774,525717,4265,3870,2023-05-31,1000491,8135,1008626
54,477065,535916,5323,4714,2023-05-31,1012981,10037,1023018
55,482932,539686,4276,3377,2023-05-31,1022618,7653,1030271
56,444700,502246,4310,3609,2023-05-31,946946,7919,954865
57,458908,523845,4184,3273,2023-05-31,982753,7457,990210
58,448610,517297,3891,2993,2023-05-31,965907,6884,972791
59,425688,489906,4435,3415,2023-05-31,915594,7850,923444
60,408720,469227,4039,2920,2023-05-31,877947,6959,884906
61,400301,461989,3723,2602,2023-05-31,862290,6325,868615
62,372050,435786,4074,2908,2023-05-31,807836,6982,814818
63,372502,442150,3545,2213,2023-05-31,814652,5758,820410
64,341142,407024,3898,2817,2023-05-31,748166,6715,754881
65,312861,377548,3544,2179,2023-05-31,690409,5723,696132
66,294170,355893,3697,2370,2023-05-31,650063,6067,656130
67,281550,342770,3375,1912,2023-05-31,624320,5287,629607
68,271172,337440,3121,1692,2023-05-31,608612,4813,613425
69,244434,305410,3226,1824,2023-05-31,549844,5050,554894
70,236285,296829,3038,1508,2023-05-31,533114,4546,537660
71,220233,278441,2701,1319,2023-05-31,498674,4020,502694
72,202844,260667,2826,1461,2023-05-31,463511,4287,467798
73,193155,250614,2416,1075,2023-05-31,443769,3491,447260
74,171440,222898,2554,1246,2023-05-31,394338,3800,398138
75,149154,195926,2206,918,2023-05-31,345080,3124,348204
76,135626,181092,2090,980,2023-05-31,316718,3070,319788
77,115853,157227,1828,883,2023-05-31,273080,2711,275791
78,105868,144332,1702,787,2023-05-31,250200,2489,252689
79,99628,136788,1743,890,2023-05-31,236416,2633,239049
80,86875,123561,1427,827,2023-05-31,210436,2254,212690
81,86175,124998,1272,786,2023-05-31,211173,2058,213231
82,73972,109012,1241,835,2023-05-31,182984,2076,185060
83,65721,100050,1061,668,2023-05-31,165771,1729,167500
84,63382,96204,1020,844,2023-05-31,159586,1864,161450
85,54581,86442,861,674,2023-05-31,141023,1535,142558
86,46472,74311,753,627,2023-05-31,120783,1380,122163
87,41031,67797,736,650,2023-05-31,108828,1386,110214
88,33526,54991,675,470,2023-05-31,88517,1145,89662
89,29063,48794,614,477,2023-05-31,77857,1091,78948
90,23677,40678,560,394,2023-05-31,64355,954,65309
91,19920,33751,561,371,2023-05-31,53671,932,54603
92,15157,26713,566,362,2023-05-31,41870,928,42798
93,12629,21533,565,348,2023-05-31,34162,913,35075
94,9728,16712,549,298,2023-05-31,26440,847,27287
95,8561,14166,551,287,2023-05-31,22727,838,23565
96,6033,9646,422,282,2023-05-31,15679,704,16383
97,5164,7715,375,231,2023-05-31,12879,606,13485
98,3795,5193,368,197,2023-05-31,8988,565,9553
99,3287,4074,333,215,2023-05-31,7361,548,7909
100,2814,3292,345,207,2023-05-31,6106,552,6658
101,12826,13711,2605,1256,2023-05-31,26537,3861,30398
0,253419,239545,9017,8478,2023-12-31,492964,17495,510459
1,251774,235700,7469,7007,2023-12-31,487474,14476,501950
2,273768,258682,6895,6303,2023-12-31,532450,13198,545648
3,293468,276631,7447,6931,2023-12-31,570099,14378,584477
4,306190,290449,9685,9164,2023-12-31,596639,18849,615488
5,323063,305121,18146,17200,2023-12-31,628184,35346,663530
6,340082,320403,22572,21078,2023-12-31,660485,43650,704135
7,342697,324439,22855,21353,2023-12-31,667136,44208,711344
8,355006,337411,24904,23516,2023-12-31,692417,48420,740837
9,376668,356088,24943,23425,2023-12-31,732756,48368,781124
10,384845,363243,15957,15145,2023-12-31,748088,31102,779190
11,411422,389193,11883,11030,2023-12-31,800615,22913,823528
12,402915,380638,9678,9123,2023-12-31,783553,18801,802354
13,388468,368240,7551,7237,2023-12-31,756708,14788,771496
14,400106,377920,5595,5092,2023-12-31,778026,10687,788713
15,402306,380572,4417,4186,2023-12-31,782878,8603,791481
16,410700,389169,3817,3627,2023-12-31,799869,7444,807313
17,407013,385123,3945,3603,2023-12-31,792136,7548,799684
18,410822,390987,4062,3947,2023-12-31,801809,8009,809818
19,415342,395746,5166,4989,2023-12-31,811088,10155,821243
20,403643,384058,5615,5340,2023-12-31,787701,10955,798656
21,404756,386222,5999,5731,2023-12-31,790978,11730,802708
22,405961,387782,6239,5900,2023-12-31,793743,12139,805882
23,426633,409932,6223,5953,2023-12-31,836565,12176,848741
24,426179,407814,6184,5852,2023-12-31,833993,12036,846029
25,453623,436902,5940,5492,2023-12-31,890525,11432,901957
26,491197,472649,6152,5671,2023-12-31,963846,11823,975669
27,501465,482698,5988,5616,2023-12-31,984163,11604,995767
28,494468,478733,5493,5345,2023-12-31,973201,10838,984039
29,478092,461779,5395,5260,2023-12-31,939871,10655,950526
30,479991,466384,5497,5436,2023-12-31,946375,10933,957308
31,486559,474034,5565,5604,2023-12-31,960593,11169,971762
32,483136,470490,5098,5199,2023-12-31,953626,10297,963923
33,475064,465626,5194,5411,2023-12-31,940690,10605,951295
34,455374,446389,4813,5255,2023-12-31,901763,10068,911831
35,444605,437211,4840,5295,2023-12-31,881816,10135,891951
36,440103,437665,5222,5540,2023-12-31,877768,10762,888530
37,454501,452485,5297,5832,2023-12-31,906986,11129,918115
38,471004,470443,4964,5667,2023-12-31,941447,10631,952078
39,472116,474038,5163,5830,2023-12-31,946154,10993,957147
40,481777,486814,5357,5996,2023-12-31,968591,11353,979944
41,497412,504629,5625,6358,2023-12-31,1002041,11983,1014024
42,496504,504743,5778,6471,2023-12-31,1001247,12249,1013496
43,505424,515331,5939,6448,2023-12-31,1020755,12387,1033142
44,503963,517933,5768,6064,2023-12-31,1021896,11832,1033728
45,484768,502902,5920,6183,2023-12-31,987670,12103,999773
46,506600,528948,5429,5504,2023-12-31,1035548,10933,1046481
47,497766,524489,5468,5522,2023-12-31,1022255,10990,1033245
48,486053,515356,5216,5030,2023-12-31,1001409,10246,1011655
49,492083,526264,5114,4970,2023-12-31,1018347,10084,1028431
50,478649,516555,5495,5188,2023-12-31,995204,10683,1005887
51,490270,534732,5182,4733,2023-12-31,1025002,9915,1034917
52,494302,544663,5100,4568,2023-12-31,1038965,9668,1048633
53,482431,531911,5102,4610,2023-12-31,1014342,9712,1024054
54,470406,525925,4429,4003,2023-12-31,996331,8432,1004763
55,483765,544302,5183,4465,2023-12-31,1028067,9648,1037715
56,460591,518221,4423,3443,2023-12-31,978812,7866,986678
57,445516,509108,4308,3505,2023-12-31,954624,7813,962437
58,448874,514191,4274,3226,2023-12-31,963065,7500,970565
59,442030,512882,4086,3076,2023-12-31,954912,7162,962074
60,413584,476866,4382,3304,2023-12-31,890450,7686,898136
61,400940,462871,4153,2913,2023-12-31,863811,7066,870877
62,379095,441687,3830,2545,2023-12-31,820782,6375,827157
63,372203,442436,4080,2826,2023-12-31,814639,6906,821545
64,353324,420778,3742,2338,2023-12-31,774102,6080,780182
65,319825,386996,3931,2653,2023-12-31,706821,6584,713405
66,305245,371428,3723,2235,2023-12-31,676673,5958,682631
67,279404,337834,3642,2276,2023-12-31,617238,5918,623156
68,256405,314985,3406,1825,2023-12-31,571390,5231,576621
69,256926,322907,3117,1736,2023-12-31,579833,4853,584686
70,234677,296703,3228,1752,2023-12-31,531380,4980,536360
71,227082,287345,3043,1488,2023-12-31,514427,4531,518958
72,209444,268110,2678,1277,2023-12-31,477554,3955,481509
73,194719,253289,2833,1434,2023-12-31,448008,4267,452275
74,184419,242877,2437,1066,2023-12-31,427296,3503,430799
75,160814,211460,2467,1166,2023-12-31,372274,3633,375907
76,141797,188687,2155,942,2023-12-31,330484,3097,333581
77,125975,170261,1973,911,2023-12-31,296236,2884,299120
78,108766,149796,1746,841,2023-12-31,258562,2587,261149
79,101325,139227,1700,802,2023-12-31,240552,2502,243054
80,90791,128372,1584,826,2023-12-31,219163,2410,221573
81,83220,119565,1333,806,2023-12-31,202785,2139,204924
82,78793,116565,1221,771,2023-12-31,195358,1992,197350
83,65583,99875,1183,799,2023-12-31,165458,1982,167440
84,63942,97376,1028,677,2023-12-31,161318,1705,163023
85,57555,89767,923,797,2023-12-31,147322,1720,149042
86,48500,78506,792,606,2023-12-31,127006,1398,128404
87,42128,68638,679,594,2023-12-31,110766,1273,112039
88,35804,60280,727,616,2023-12-31,96084,1343,97427
89,30010,49919,629,447,2023-12-31,79929,1076,81005
90,25185,43377,556,451,2023-12-31,68562,1007,69569
91,21281,36337,552,368,2023-12-31,57618,920,58538
92,16605,28915,519,348,2023-12-31,45520,867,46387
93,13260,22894,538,348,2023-12-31,36154,886,37040
94,10690,18365,517,319,2023-12-31,29055,836,29891
95,8605,14551,552,291,2023-12-31,23156,843,23999
96,7177,11633,526,269,2023-12-31,18810,795,19605
97,5336,8175,370,257,2023-12-31,13511,627,14138
98,4399,6334,361,209,2023-12-31,10733,570,11303
99,3337,4340,357,178,2023-12-31,7677,535,8212
100,3072,3498,329,216,2023-12-31,6570,545,7115
101,14520,15317,2881,1367,2023-12-31,29837,4248,34085
0,243913,229847,9134,8508,2024-05-31,473760,17642,491402
1,258484,242319,8461,7976,2024-05-31,500803,16437,517240
2,264385,249216,6971,6416,2024-05-31,513601,13387,526988
3,280036,264706,7041,6506,2024-05-31,544742,13547,558289
4,299753,283968,8656,8173,2024-05-31,583721,16829,600550
5,319974,302419,12943,12271,2024-05-31,622393,25214,647607
6,334601,315074,23888,22520,2024-05-31,649675,46408,696083
7,340667,321967,21477,20037,2024-05-31,662634,41514,704148
8,352802,335636,25115,23603,2024-05-31,688438,48718,737156
9,366765,347112,24708,23253,2024-05-31,713877,47961,761838
10,376486,355889,16793,15871,2024-05-31,732375,32664,765039
11,407371,384634,12440,11688,2024-05-31,792005,24128,816133
12,412131,389003,10585,9937,2024-05-31,801134,20522,821656
13,387121,367248,8586,8141,2024-05-31,754369,16727,771096
14,396313,374896,6251,5858,2024-05-31,771209,12109,783318
15,401128,379458,4981,4605,2024-05-31,780586,9586,790172
16,404390,383378,3928,3701,2024-05-31,787768,7629,795397
17,410869,388845,3979,3715,2024-05-31,799714,7694,807408
18,407920,386958,4028,3801,2024-05-31,794878,7829,802707
19,414805,395608,4669,4540,2024-05-31,810413,9209,819622
20,408135,388740,5565,5437,2024-05-31,796875,11002,807877
21,401845,383332,5854,5500,2024-05-31,785177,11354,796531
22,403558,385894,6297,5869,2024-05-31,789452,12166,801618
23,417721,400653,6205,5985,2024-05-31,818374,12190,830564
24,429517,411153,6146,5863,2024-05-31,840670,12009,852679
25,430948,414346,6231,5815,2024-05-31,845294,12046,857340
26,484309,466836,6011,5576,2024-05-31,951145,11587,962732
27,500176,482236,6291,5718,2024-05-31,982412,12009,994421
28,493277,476200,5498,5337,2024-05-31,969477,10835,980312
29,486625,469714,5354,5267,2024-05-31,956339,10621,966960
30,476417,463814,5475,5393,2024-05-31,940231,10868,951099
31,479082,465387,5636,5625,2024-05-31,944469,11261,955730
32,486993,475138,5167,5279,2024-05-31,962131,10446,972577
33,478420,467125,5274,5480,2024-05-31,945545,10754,956299
34,461722,453634,4805,5216,2024-05-31,915356,10021,925377
35,453719,446050,5030,5514,2024-05-31,899769,10544,910313
36,431015,426954,4956,5292,2024-05-31,857969,10248,868217
37,446816,445324,5510,5968,2024-05-31,892140,11478,903618
38,464482,463596,5010,5659,2024-05-31,928078,10669,938747
39,473318,475561,5070,5693,2024-05-31,948879,10763,959642
40,470070,473353,5328,6176,2024-05-31,943423,11504,954927
41,490262,497251,5590,6205,2024-05-31,987513,11795,999308
42,501998,509864,5858,6477,2024-05-31,1011862,12335,1024197
43,498668,509008,6113,6755,2024-05-31,1007676,12868,1020544
44,501533,515701,5546,5845,2024-05-31,1017234,11391,1028625
45,492419,508034,6238,6637,2024-05-31,1000453,12875,1013328
46,485684,507248,5323,5324,2024-05-31,992932,10647,1003579
47,509819,536800,5681,5863,2024-05-31,1046619,11544,1058163
48,481979,510019,5228,5065,2024-05-31,991998,10293,1002291
49,492492,527013,4980,4863,2024-05-31,1019505,9843,1029348
50,484726,521212,5708,5381,2024-05-31,1005938,11089,1017027
51,474897,519497,5223,4761,2024-05-31,994394,9984,1004378
52,488427,534747,5090,4550,2024-05-31,1023174,9640,1032814
53,497648,550016,5268,4875,2024-05-31,1047664,10143,1057807
54,470019,523522,4346,3869,2024-05-31,993541,8215,1001756
55,471951,533450,5369,4695,2024-05-31,1005401,10064,1015465
56,477622,537129,4384,3387,2024-05-31,1014751,7771,1022522
57,439580,499598,4418,3609,2024-05-31,939178,8027,947205
58,453210,520949,4304,3262,2024-05-31,974159,7566,981725
59,442507,514131,4035,2997,2024-05-31,956638,7032,963670
60,419664,486708,4559,3404,2024-05-31,906372,7963,914335
61,402561,465835,4192,2921,2024-05-31,868396,7113,875509
62,393886,458574,3928,2597,2024-05-31,852460,6525,858985
63,365716,432087,4202,2889,2024-05-31,797803,7091,804894
64,365511,438143,3725,2200,2024-05-31,803654,5925,809579
65,334546,402947,4036,2814,2024-05-31,737493,6850,744343
66,306244,373463,3685,2169,2024-05-31,679707,5854,685561
67,287570,351789,3803,2337,2024-05-31,639359,6140,645499
68,274889,338295,3512,1902,2024-05-31,613184,5414,618598
69,264095,332512,3204,1660,2024-05-31,596607,4864,601471
70,237653,300493,3276,1811,2024-05-31,538146,5087,543233
71,228993,291455,3082,1480,2024-05-31,520448,4562,525010
72,212942,272883,2744,1285,2024-05-31,485825,4029,489854
73,195550,254873,2840,1426,2024-05-31,450423,4266,454689
74,185690,244342,2439,1053,2024-05-31,430032,3492,433524
75,164133,216971,2548,1214,2024-05-31,381104,3762,384866
76,142414,190042,2201,906,2024-05-31,332456,3107,335563
77,128855,174923,2083,951,2024-05-31,303778,3034,306812
78,109509,151244,1787,840,2024-05-31,260753,2627,263380
79,99545,138279,1672,768,2024-05-31,237824,2440,240264
80,93213,130413,1703,854,2024-05-31,223626,2557,226183
81,80832,117111,1395,802,2024-05-31,197943,2197,200140
82,79615,117904,1223,747,2024-05-31,197519,1970,199489
83,67911,102171,1184,792,2024-05-31,170082,1976,172058
84,59801,92912,1009,635,2024-05-31,152713,1644,154357
85,57310,88592,961,801,2024-05-31,145902,1762,147664
86,48904,79091,813,619,2024-05-31,127995,1432,129427
87,41307,67077,707,576,2024-05-31,108384,1283,109667
88,36123,60621,690,595,2024-05-31,96744,1285,98029
89,29385,48522,639,448,2024-05-31,77907,1087,78994
90,25124,42555,563,442,2024-05-31,67679,1005,68684
91,20294,34925,530,363,2024-05-31,55219,893,56112
92,16972,28680,517,343,2024-05-31,45652,860,46512
93,12872,22401,518,323,2024-05-31,35273,841,36114
94,10649,17744,524,310,2024-05-31,28393,834,29227
95,8210,13752,515,262,2024-05-31,21962,777,22739
96,7181,11464,521,258,2024-05-31,18645,779,19424
97,5174,7844,394,259,2024-05-31,13018,653,13671
98,4545,6275,356,200,2024-05-31,10820,556,11376
99,3368,4217,350,174,2024-05-31,7585,524,8109
100,2976,3352,325,194,2024-05-31,6328,519,6847
101,14892,15331,2893,1360,2024-05-31,30223,4253,34476
0,224975,211420,9420,8742,2024-12-31,436395,18162,454557
1,256482,242550,9592,8961,2024-12-31,499032,18553,517585
2,252024,236065,7534,7082,2024-12-31,488089,14616,502705
3,274019,259031,6970,6377,2024-12-31,533050,13347,546397
4,293714,276946,7545,7025,2024-12-31,570660,14570,585230
5,306421,290755,9814,9269,2024-12-31,597176,19083,616259
6,323268,305420,18248,17317,2024-12-31,628688,35565,664253
7,340324,320755,22659,21168,2024-12-31,661079,43827,704906
8,342901,324753,22988,21459,2024-12-31,667654,44447,712101
9,355205,337690,25061,23641,2024-12-31,692895,48702,741597
10,376772,356281,17756,16826,2024-12-31,733053,34582,767635
11,384942,363409,13383,12726,2024-12-31,748351,26109,774460
12,411491,389317,12228,11328,2024-12-31,800808,23556,824364
13,402924,380763,9892,9304,2024-12-31,783687,19196,802883
14,388392,368338,7676,7361,2024-12-31,756730,15037,771767
15,399858,378011,5707,5196,2024-12-31,777869,10903,788772
16,402038,380656,4521,4273,2024-12-31,782694,8794,791488
17,410402,389221,3906,3703,2024-12-31,799623,7609,807232
18,406687,385174,4010,3667,2024-12-31,791861,7677,799538
19,410383,390985,4125,4006,2024-12-31,801368,8131,809499
20,414930,395715,5219,5030,2024-12-31,810645,10249,820894
21,403236,384039,5622,5337,2024-12-31,787275,10959,798234
22,404325,386188,6013,5716,2024-12-31,790513,11729,802242
23,405453,387729,6217,5863,2024-12-31,793182,12080,805262
24,426085,409875,6199,5923,2024-12-31,835960,12122,848082
25,425627,407759,6128,5832,2024-12-31,833386,11960,845346
26,452942,436832,5896,5447,2024-12-31,889774,11343,901117
27,490462,472529,6108,5639,2024-12-31,962991,11747,974738
28,500569,482540,5947,5616,2024-12-31,983109,11563,994672
29,493556,478589,5458,5324,2024-12-31,972145,10782,982927
30,477160,461625,5386,5269,2024-12-31,938785,10655,949440
31,478997,466134,5492,5461,2024-12-31,945131,10953,956084
32,485543,473777,5534,5644,2024-12-31,959320,11178,970498
33,481912,470137,5123,5268,2024-12-31,952049,10391,962440
34,473749,465256,5214,5468,2024-12-31,939005,10682,949687
35,454068,446024,4872,5324,2024-12-31,900092,10196,910288
36,443349,436770,4885,5368,2024-12-31,880119,10253,890372
37,438696,437191,5294,5614,2024-12-31,875887,10908,886795
38,452946,451975,5351,5890,2024-12-31,904921,11241,916162
39,469203,469826,5034,5740,2024-12-31,939029,10774,949803
40,470240,473357,5232,5901,2024-12-31,943597,11133,954730
41,479600,486060,5422,6079,2024-12-31,965660,11501,977161
42,495114,503784,5696,6399,2024-12-31,998898,12095,1010993
43,493992,503782,5840,6530,2024-12-31,997774,12370,1010144
44,502637,514268,6017,6502,2024-12-31,1016905,12519,1029424
45,500957,516776,5826,6117,2024-12-31,1017733,11943,1029676
46,481563,501758,6004,6215,2024-12-31,983321,12219,995540
47,503073,527540,5495,5541,2024-12-31,1030613,11036,1041649
48,494141,523072,5519,5556,2024-12-31,1017213,11075,1028288
49,482228,513850,5274,5040,2024-12-31,996078,10314,1006392
50,487861,524594,5181,4980,2024-12-31,1012455,10161,1022616
51,474420,514767,5584,5203,2024-12-31,989187,10787,999974
52,485684,532784,5227,4765,2024-12-31,1018468,9992,1028460
53,489560,542646,5162,4597,2024-12-31,1032206,9759,1041965
54,477548,529700,5190,4623,2024-12-31,1007248,9813,1017061
55,465355,523506,4504,4018,2024-12-31,988861,8522,997383
56,478274,541783,5255,4467,2024-12-31,1020057,9722,1029779
57,455149,515567,4514,3454,2024-12-31,970716,7968,978684
58,440116,506357,4424,3496,2024-12-31,946473,7920,954393
59,442840,511090,4409,3221,2024-12-31,953930,7630,961560
60,435629,509584,4269,3079,2024-12-31,945213,7348,952561
61,407375,473538,4537,3300,2024-12-31,880913,7837,888750
62,394620,459414,4297,2925,2024-12-31,854034,7222,861256
63,372526,438015,3996,2536,2024-12-31,810541,6532,817073
64,365446,438440,4212,2816,2024-12-31,803886,7028,810914
65,346338,416657,3908,2312,2024-12-31,762995,6220,769215
66,313286,382956,4049,2650,2024-12-31,696242,6699,702941
67,298454,367161,3867,2211,2024-12-31,665615,6078,671693
68,272827,333634,3745,2247,2024-12-31,606461,5992,612453
69,250017,310634,3478,1809,2024-12-31,560651,5287,565938
70,249890,317908,3173,1718,2024-12-31,567798,4891,572689
71,227794,291692,3274,1728,2024-12-31,519486,5002,524488
72,219748,281727,3083,1477,2024-12-31,501475,4560,506035
73,202237,262600,2707,1256,2024-12-31,464837,3963,468800
74,187378,247256,2846,1394,2024-12-31,434634,4240,438874
75,176885,236476,2433,1041,2024-12-31,413361,3474,416835
76,153663,205297,2446,1131,2024-12-31,358960,3577,362537
77,134836,182636,2136,907,2024-12-31,317472,3043,320515
78,119236,164071,1946,875,2024-12-31,283307,2821,286128
79,102547,143783,1694,815,2024-12-31,246330,2509,248839
80,94850,133009,1647,785,2024-12-31,227859,2432,230291
81,84588,121971,1540,788,2024-12-31,206559,2328,208887
82,77015,112996,1282,776,2024-12-31,190011,2058,192069
83,72609,109608,1169,727,2024-12-31,182217,1896,184113
84,59869,93027,1121,755,2024-12-31,152896,1876,154772
85,58107,90137,976,635,2024-12-31,148244,1611,149855
86,51650,82381,873,745,2024-12-31,134031,1618,135649
87,43315,71368,748,566,2024-12-31,114683,1314,115997
88,37248,61628,634,552,2024-12-31,98876,1186,100062
89,31489,53408,679,585,2024-12-31,84897,1264,86161
90,26148,43790,595,423,2024-12-31,69938,1018,70956
91,21702,37695,512,417,2024-12-31,59397,929,60326
92,18263,31073,512,335,2024-12-31,49336,847,50183
93,14200,24432,478,316,2024-12-31,38632,794,39426
94,11237,19128,490,310,2024-12-31,30365,800,31165
95,9086,15115,488,292,2024-12-31,24201,780,24981
96,7295,11866,520,254,2024-12-31,19161,774,19935
97,6171,9488,495,238,2024-12-31,15659,733,16392
98,4684,6715,357,234,2024-12-31,11399,591,11990
99,3941,5215,344,191,2024-12-31,9156,535,9691
100,3037,3597,341,156,2024-12-31,6634,497,7131
101,16796,17004,3154,1476,2024-12-31,33800,4630,38430
0,215966,202958,9988,9086,2025-05-31,418924,19074,437998
1,245844,231798,9661,8990,2025-05-31,477642,18651,496293
2,258649,242671,8539,8073,2025-05-31,501320,16612,517932
3,264611,249478,7066,6523,2025-05-31,514089,13589,527678
4,280274,264994,7163,6623,2025-05-31,545268,13786,559054
5,299974,284254,8790,8298,2025-05-31,584228,17088,601316
6,320189,302716,13058,12378,2025-05-31,622905,25436,648341
7,334777,315370,23959,22575,2025-05-31,650147,46534,696681
8,340829,322230,21596,20112,2025-05-31,663059,41708,704767
9,352978,335872,25253,23714,2025-05-31,688850,48967,737817
10,366854,347288,17003,16087,2025-05-31,714142,33090,747232
11,376549,356072,14324,13648,2025-05-31,732621,27972,760593
12,407447,384795,12698,11953,2025-05-31,792242,24651,816893
13,412091,389104,10808,10101,2025-05-31,801195,20909,822104
14,387022,367373,8706,8240,2025-05-31,754395,16946,771341
15,396104,374977,6358,5944,2025-05-31,771081,12302,783383
16,400826,379522,5074,4718,2025-05-31,780348,9792,790140
17,404101,383414,4023,3786,2025-05-31,787515,7809,795324
18,410544,388872,4061,3788,2025-05-31,799416,7849,807265
19,407526,386977,4071,3883,2025-05-31,794503,7954,802457
20,414358,395574,4733,4576,2025-05-31,809932,9309,819241
21,407718,388752,5607,5462,2025-05-31,796470,11069,807539
22,401483,383309,5856,5503,2025-05-31,784792,11359,796151
23,403089,385856,6283,5840,2025-05-31,788945,12123,801068
24,417261,400578,6211,5963,2025-05-31,817839,12174,830013
25,428928,411123,6120,5836,2025-05-31,840051,11956,852007
26,430360,414256,6218,5802,2025-05-31,844616,12020,856636
27,483600,466717,5993,5557,2025-05-31,950317,11550,961867
28,499373,482083,6250,5734,2025-05-31,981456,11984,993440
29,492342,476013,5481,5344,2025-05-31,968355,10825,979180
30,485762,469535,5355,5277,2025-05-31,955297,10632,965929
31,475482,463567,5480,5425,2025-05-31,939049,10905,949954
32,478015,465126,5643,5685,2025-05-31,943141,11328,954469
33,485794,474786,5197,5341,2025-05-31,960580,10538,971118
34,477135,466749,5293,5554,2025-05-31,943884,10847,954731
35,460466,453276,4861,5274,2025-05-31,913742,10135,923877
36,452394,445640,5085,5598,2025-05-31,898034,10683,908717
37,429695,426501,5025,5361,2025-05-31,856196,10386,866582
38,445268,444792,5574,6053,2025-05-31,890060,11627,901687
39,462770,463045,5056,5707,2025-05-31,925815,10763,936578
40,471514,474874,5161,5778,2025-05-31,946388,10939,957327
41,468058,472640,5413,6258,2025-05-31,940698,11671,952369
42,488059,496430,5655,6273,2025-05-31,984489,11928,996417
43,499501,508924,5939,6539,2025-05-31,1008425,12478,1020903
44,496028,508013,6176,6790,2025-05-31,1004041,12966,1017007
45,498639,514626,5616,5893,2025-05-31,1013265,11509,1024774
46,489242,506863,6307,6666,2025-05-31,996105,12973,1009078
47,482210,505942,5393,5359,2025-05-31,988152,10752,998904
48,506085,535335,5764,5896,2025-05-31,1041420,11660,1053080
49,478270,508510,5276,5093,2025-05-31,986780,10369,997149
50,488357,525346,5053,4878,2025-05-31,1013703,9931,1023634
51,480452,519547,5763,5398,2025-05-31,999999,11161,1011160
52,470399,517707,5270,4784,2025-05-31,988106,10054,998160
53,483848,532667,5148,4576,2025-05-31,1016515,9724,1026239
54,492619,547832,5342,4879,2025-05-31,1040451,10221,1050672
55,465071,521177,4460,3881,2025-05-31,986248,8341,994589
56,466494,530882,5442,4702,2025-05-31,997376,10144,1007520
57,472068,534499,4478,3406,2025-05-31,1006567,7884,1014451
58,434150,496981,4529,3604,2025-05-31,931131,8133,939264
59,447330,517821,4426,3263,2025-05-31,965151,7689,972840
60,436288,510812,4183,2991,2025-05-31,947100,7174,954274
61,413408,483513,4742,3399,2025-05-31,896921,8141,905062
62,396297,462334,4346,2926,2025-05-31,858631,7272,865903
63,387234,454902,4082,2594,2025-05-31,842136,6676,848812
64,359269,428242,4335,2893,2025-05-31,787511,7228,794739
65,358411,434010,3880,2193,2025-05-31,792421,6073,798494
66,327707,398784,4183,2794,2025-05-31,726491,6977,733468
67,299587,369362,3814,2154,2025-05-31,668949,5968,674917
68,280751,347481,3927,2323,2025-05-31,628232,6250,634482
69,268176,333700,3602,1891,2025-05-31,601876,5493,607369
70,256950,327340,3252,1650,2025-05-31,584290,4902,589192
71,230642,295623,3310,1787,2025-05-31,526265,5097,531362
72,221760,286022,3138,1464,2025-05-31,507782,4602,512384
73,205695,267436,2757,1274,2025-05-31,473131,4031,477162
74,188435,249107,2868,1399,2025-05-31,437542,4267,441809
75,178249,238078,2444,1029,2025-05-31,416327,3473,419800
76,157021,210975,2528,1193,2025-05-31,367996,3721,371717
77,135590,184075,2193,876,2025-05-31,319665,3069,322734
78,122300,168918,2057,923,2025-05-31,291218,2980,294198
79,103297,145414,1750,813,2025-05-31,248711,2563,251274
80,93380,132256,1631,746,2025-05-31,225636,2377,228013
81,87073,124197,1651,819,2025-05-31,211270,2470,213740
82,75060,110913,1341,768,2025-05-31,185973,2109,188082
83,73440,111164,1167,705,2025-05-31,184604,1872,186476
84,62291,95663,1128,749,2025-05-31,157954,1877,159831
85,54459,86228,959,599,2025-05-31,140687,1558,142245
86,51814,81627,920,750,2025-05-31,133441,1670,135111
87,43941,72277,763,590,2025-05-31,116218,1353,117571
88,36764,60530,656,541,2025-05-31,97294,1197,98491
89,31956,54089,645,569,2025-05-31,86045,1214,87259
90,25848,42903,599,427,2025-05-31,68751,1026,69777
91,21853,37135,527,415,2025-05-31,58988,942,59930
92,17522,30025,488,332,2025-05-31,47547,820,48367
93,14663,24368,474,313,2025-05-31,39031,787,39818
94,11008,18985,477,301,2025-05-31,29993,778,30771
95,9118,14798,490,281,2025-05-31,23916,771,24687
96,7034,11367,483,240,2025-05-31,18401,723,19124
97,6261,9481,493,226,2025-05-31,15742,719,16461
98,4591,6524,380,230,2025-05-31,11115,610,11725
99,4140,5303,341,183,2025-05-31,9443,524,9967
100,3065,3550,336,159,2025-05-31,6615,495,7110
101,17160,17118,3174,1473,2025-05-31,34278,4647,38925
