Times,male,female,total,provinceNameThai
2015-01-31,4020,3763,7783,กรุงเทพมหานคร
2015-01-31,88,75,163,สิงห์บุรี
2015-01-31,379,340,719,ระยอง
2015-01-31,492,509,1001,สมุทรสาคร
2015-01-31,147,125,272,ลำพูน
2015-01-31,308,298,606,กาฬสินธุ์
2015-01-31,142,126,268,อุทัยธานี
2015-01-31,312,302,614,ฉะเชิงเทรา
2015-01-31,664,591,1255,อุดรธานี
2015-01-31,165,137,302,น่าน
2015-01-31,135,130,265,อำนาจเจริญ
2015-01-31,371,391,762,นนทบุรี
2015-01-31,476,493,969,ยะลา
2015-01-31,617,588,1205,บุรีรัมย์
2015-01-31,320,308,628,เพชรบูรณ์
2015-01-31,894,851,1745,สงขลา
2015-01-31,396,392,788,นครสวรรค์
2015-01-31,332,346,678,นครปฐม
2015-01-31,213,193,406,ปราจีนบุรี
2015-01-31,127,127,254,พังงา
2015-01-31,644,572,1216,สุราษฎร์ธานี
2015-01-31,945,871,1816,เชียงใหม่
2015-01-31,492,436,928,สกลนคร
2015-01-31,280,245,525,ชุมพร
2015-01-31,84,92,176,ชัยนาท
2015-01-31,1077,980,2057,นครราชสีมา
2015-01-31,376,387,763,ราชบุรี
2015-01-31,676,570,1246,สมุทรปราการ
2015-01-31,534,502,1036,นราธิวาส
2015-01-31,770,705,1475,ขอนแก่น
2015-01-31,486,459,945,เชียงราย
2015-01-31,215,163,378,บึงกาฬ
2015-01-31,199,181,380,พิจิตร
2015-01-31,519,535,1054,สุรินทร์
2015-01-31,367,313,680,ภูเก็ต
2015-01-31,95,97,192,อ่างทอง
2015-01-31,356,308,664,ตรัง
2015-01-31,197,184,381,หนองคาย
2015-01-31,142,129,271,แพร่
2015-01-31,771,789,1560,อุบลราชธานี
2015-01-31,161,161,322,สุโขทัย
2015-01-31,448,380,828,ตาก
2015-01-31,191,190,381,ยโสธร
2015-01-31,129,131,260,อุตรดิตถ์
2015-01-31,278,285,563,มหาสารคาม
2015-01-31,186,169,355,เพชรบุรี
2015-01-31,262,261,523,จันทบุรี
2015-01-31,211,195,406,สตูล
2015-01-31,269,287,556,ลพบุรี
2015-01-31,298,287,585,พระนครศรีอยุธยา
2015-01-31,189,207,396,พัทลุง
2015-01-31,1293,1254,2547,ชลบุรี
2015-01-31,320,281,601,สระบุรี
2015-01-31,493,443,936,ปัตตานี
2015-01-31,435,432,867,ปทุมธานี
2015-01-31,119,79,198,ตราด
2015-01-31,61,47,108,สมุทรสงคราม
2015-01-31,372,393,765,ชัยภูมิ
2015-01-31,343,316,659,สุพรรณบุรี
2015-01-31,231,218,449,กำแพงเพชร
2015-01-31,201,183,384,ลำปาง
2015-01-31,145,160,305,พะเยา
2015-01-31,282,262,544,เลย
2015-01-31,322,321,643,พิษณุโลก
2015-01-31,512,504,1016,ศรีสะเกษ
2015-01-31,306,300,606,กระบี่
2015-01-31,406,416,822,ร้อยเอ็ด
2015-01-31,163,145,308,นครนายก
2015-01-31,279,269,548,ประจวบคีรีขันธ์
2015-01-31,769,713,1482,นครศรีธรรมราช
2015-01-31,145,129,274,แม่ฮ่องสอน
2015-01-31,113,111,224,ระนอง
2015-01-31,199,221,420,หนองบัวลำภู
2015-01-31,341,339,680,กาญจนบุรี
2015-01-31,223,243,466,สระแก้ว
2015-01-31,140,160,300,มุกดาหาร
2015-01-31,222,232,454,นครพนม
2015-02-28,225,223,448,ชุมพร
2015-02-28,254,242,496,เพชรบูรณ์
2015-02-28,252,243,495,กระบี่
2015-02-28,304,295,599,นครสวรรค์
2015-02-28,134,114,248,แม่ฮ่องสอน
2015-02-28,637,569,1206,นครศรีธรรมราช
2015-02-28,1094,1057,2151,ชลบุรี
2015-02-28,187,157,344,พัทลุง
2015-02-28,882,813,1695,นครราชสีมา
2015-02-28,325,271,596,นครปฐม
2015-02-28,299,305,604,พระนครศรีอยุธยา
2015-02-28,199,162,361,ปราจีนบุรี
2015-02-28,126,142,268,พังงา
2015-02-28,235,199,434,ลพบุรี
2015-02-28,106,108,214,อุตรดิตถ์
2015-02-28,157,158,315,สตูล
2015-02-28,231,241,472,มหาสารคาม
2015-02-28,797,814,1611,เชียงใหม่
2015-02-28,414,361,775,สกลนคร
2015-02-28,518,527,1045,สุราษฎร์ธานี
2015-02-28,191,161,352,จันทบุรี
2015-02-28,87,83,170,ชัยนาท
2015-02-28,180,158,338,เพชรบุรี
2015-02-28,183,168,351,นครพนม
2015-02-28,92,95,187,ระนอง
2015-02-28,541,461,1002,บุรีรัมย์
2015-02-28,423,367,790,ศรีสะเกษ
2015-02-28,398,416,814,สุรินทร์
2015-02-28,753,757,1510,สงขลา
2015-02-28,56,69,125,สิงห์บุรี
2015-02-28,261,250,511,สระบุรี
2015-02-28,326,320,646,ภูเก็ต
2015-02-28,385,403,788,ปัตตานี
2015-02-28,203,190,393,สระแก้ว
2015-02-28,423,419,842,สมุทรสาคร
2015-02-28,419,394,813,ปทุมธานี
2015-02-28,118,121,239,ลำพูน
2015-02-28,276,256,532,กาฬสินธุ์
2015-02-28,93,69,162,ตราด
2015-02-28,301,284,585,กาญจนบุรี
2015-02-28,155,149,304,หนองบัวลำภู
2015-02-28,87,91,178,อุทัยธานี
2015-02-28,281,270,551,ฉะเชิงเทรา
2015-02-28,271,276,547,ชัยภูมิ
2015-02-28,201,177,378,กำแพงเพชร
2015-02-28,517,460,977,อุดรธานี
2015-02-28,124,115,239,น่าน
2015-02-28,325,271,596,ร้อยเอ็ด
2015-02-28,151,133,284,ลำปาง
2015-02-28,93,119,212,อำนาจเจริญ
2015-02-28,131,112,243,พะเยา
2015-02-28,210,187,397,เลย
2015-02-28,344,335,679,นนทบุรี
2015-02-28,409,384,793,ยะลา
2015-02-28,271,282,553,พิษณุโลก
2015-02-28,46,47,93,สมุทรสงคราม
2015-02-28,398,326,724,ราชบุรี
2015-02-28,151,128,279,พิจิตร
2015-02-28,59,91,150,อ่างทอง
2015-02-28,134,133,267,ยโสธร
2015-02-28,3566,3288,6854,กรุงเทพมหานคร
2015-02-28,141,112,253,มุกดาหาร
2015-02-28,271,250,521,ตรัง
2015-02-28,411,380,791,เชียงราย
2015-02-28,592,543,1135,ขอนแก่น
2015-02-28,330,288,618,ตาก
2015-02-28,637,574,1211,อุบลราชธานี
2015-02-28,156,147,303,หนองคาย
2015-02-28,139,121,260,นครนายก
2015-02-28,136,147,283,บึงกาฬ
2015-02-28,276,288,564,สุพรรณบุรี
2015-02-28,255,222,477,ประจวบคีรีขันธ์
2015-02-28,104,89,193,แพร่
2015-02-28,437,430,867,นราธิวาส
2015-02-28,326,296,622,ระยอง
2015-02-28,131,150,281,สุโขทัย
2015-02-28,555,493,1048,สมุทรปราการ
2015-03-31,423,377,800,นนทบุรี
2015-03-31,215,225,440,เลย
2015-03-31,195,179,374,หนองคาย
2015-03-31,128,128,256,พะเยา
2015-03-31,165,168,333,หนองบัวลำภู
2015-03-31,433,419,852,ยะลา
2015-03-31,122,127,249,อำนาจเจริญ
2015-03-31,173,171,344,ยโสธร
2015-03-31,425,458,883,ศรีสะเกษ
2015-03-31,199,230,429,กำแพงเพชร
2015-03-31,551,520,1071,บุรีรัมย์
2015-03-31,303,270,573,เพชรบูรณ์
2015-03-31,292,278,570,กระบี่
2015-03-31,717,610,1327,ขอนแก่น
2015-03-31,722,682,1404,นครศรีธรรมราช
2015-03-31,357,351,708,นครสวรรค์
2015-03-31,128,102,230,แพร่
2015-03-31,213,227,440,พัทลุง
2015-03-31,197,166,363,พิจิตร
2015-03-31,464,422,886,เชียงราย
2015-03-31,184,163,347,ลำปาง
2015-03-31,352,310,662,สุพรรณบุรี
2015-03-31,344,283,627,ตรัง
2015-03-31,477,489,966,สุรินทร์
2015-03-31,873,810,1683,สงขลา
2015-03-31,398,336,734,ระยอง
2015-03-31,67,83,150,สิงห์บุรี
2015-03-31,194,209,403,สระแก้ว
2015-03-31,320,312,632,สระบุรี
2015-03-31,480,439,919,ปัตตานี
2015-03-31,260,278,538,ประจวบคีรีขันธ์
2015-03-31,546,498,1044,สมุทรสาคร
2015-03-31,363,349,712,ภูเก็ต
2015-03-31,438,427,865,ปทุมธานี
2015-03-31,117,118,235,อุทัยธานี
2015-03-31,139,129,268,ลำพูน
2015-03-31,96,106,202,อ่างทอง
2015-03-31,294,295,589,กาฬสินธุ์
2015-03-31,86,97,183,ตราด
2015-03-31,138,135,273,นครนายก
2015-03-31,3884,3660,7544,กรุงเทพมหานคร
2015-03-31,58,57,115,สมุทรสงคราม
2015-03-31,350,296,646,ฉะเชิงเทรา
2015-03-31,347,297,644,ชัยภูมิ
2015-03-31,382,344,726,กาญจนบุรี
2015-03-31,379,355,734,นครปฐม
2015-03-31,621,553,1174,อุดรธานี
2015-03-31,362,330,692,ร้อยเอ็ด
2015-03-31,162,142,304,น่าน
2015-03-31,347,319,666,ตาก
2015-03-31,370,326,696,พิษณุโลก
2015-03-31,152,150,302,พังงา
2015-03-31,800,815,1615,เชียงใหม่
2015-03-31,760,719,1479,อุบลราชธานี
2015-03-31,102,98,200,ชัยนาท
2015-03-31,624,557,1181,สมุทรปราการ
2015-03-31,249,230,479,จันทบุรี
2015-03-31,168,175,343,สตูล
2015-03-31,276,248,524,มหาสารคาม
2015-03-31,121,106,227,ระนอง
2015-03-31,238,217,455,นครพนม
2015-03-31,225,247,472,ชุมพร
2015-03-31,247,237,484,ลพบุรี
2015-03-31,457,446,903,สกลนคร
2015-03-31,996,957,1953,นครราชสีมา
2015-03-31,173,152,325,สุโขทัย
2015-03-31,185,166,351,เพชรบุรี
2015-03-31,1273,1241,2514,ชลบุรี
2015-03-31,438,397,835,ราชบุรี
2015-03-31,523,529,1052,นราธิวาส
2015-03-31,320,325,645,พระนครศรีอยุธยา
2015-03-31,149,121,270,บึงกาฬ
2015-03-31,619,611,1230,สุราษฎร์ธานี
2015-03-31,222,214,436,ปราจีนบุรี
2015-03-31,141,119,260,แม่ฮ่องสอน
2015-03-31,132,121,253,อุตรดิตถ์
2015-03-31,129,139,268,มุกดาหาร
2015-04-30,197,175,372,เพชรบุรี
2015-04-30,129,141,270,นครนายก
2015-04-30,150,127,277,น่าน
2015-04-30,376,341,717,ร้อยเอ็ด
2015-04-30,111,102,213,ระนอง
2015-04-30,54,55,109,สมุทรสงคราม
2015-04-30,616,546,1162,อุดรธานี
2015-04-30,356,371,727,ชัยภูมิ
2015-04-30,368,331,699,กาญจนบุรี
2015-04-30,224,229,453,ชุมพร
2015-04-30,337,295,632,ฉะเชิงเทรา
2015-04-30,94,118,212,ชัยนาท
2015-04-30,351,320,671,สุพรรณบุรี
2015-04-30,159,175,334,บึงกาฬ
2015-04-30,111,96,207,อุทัยธานี
2015-04-30,361,300,661,กาฬสินธุ์
2015-04-30,174,166,340,พิจิตร
2015-04-30,169,152,321,ยโสธร
2015-04-30,500,499,999,สุรินทร์
2015-04-30,898,854,1752,สงขลา
2015-04-30,157,132,289,อุตรดิตถ์
2015-04-30,222,191,413,สระแก้ว
2015-04-30,359,385,744,ระยอง
2015-04-30,78,75,153,สิงห์บุรี
2015-04-30,428,414,842,ราชบุรี
2015-04-30,308,302,610,สระบุรี
2015-04-30,106,92,198,ตราด
2015-04-30,539,488,1027,ปัตตานี
2015-04-30,274,242,516,ประจวบคีรีขันธ์
2015-04-30,554,510,1064,สมุทรสาคร
2015-04-30,1041,991,2032,นครราชสีมา
2015-04-30,353,343,696,ภูเก็ต
2015-04-30,89,111,200,อ่างทอง
2015-04-30,669,589,1258,สมุทรปราการ
2015-04-30,468,460,928,ปทุมธานี
2015-04-30,120,146,266,ลำพูน
2015-04-30,269,271,540,มหาสารคาม
2015-04-30,1204,1147,2351,ชลบุรี
2015-04-30,190,175,365,สุโขทัย
2015-04-30,311,290,601,ตรัง
2015-04-30,629,584,1213,สุราษฎร์ธานี
2015-04-30,111,121,232,แม่ฮ่องสอน
2015-04-30,204,159,363,สตูล
2015-04-30,305,266,571,กระบี่
2015-04-30,465,424,889,ยะลา
2015-04-30,222,231,453,เลย
2015-04-30,342,372,714,พิษณุโลก
2015-04-30,422,400,822,เชียงราย
2015-04-30,124,100,224,แพร่
2015-04-30,217,204,421,ปราจีนบุรี
2015-04-30,191,166,357,หนองบัวลำภู
2015-04-30,743,686,1429,ขอนแก่น
2015-04-30,733,692,1425,นครศรีธรรมราช
2015-04-30,778,787,1565,เชียงใหม่
2015-04-30,681,703,1384,อุบลราชธานี
2015-04-30,375,352,727,นครสวรรค์
2015-04-30,124,148,272,มุกดาหาร
2015-04-30,141,120,261,พังงา
2015-04-30,334,300,634,เพชรบูรณ์
2015-04-30,474,428,902,ศรีสะเกษ
2015-04-30,300,318,618,พระนครศรีอยุธยา
2015-04-30,193,225,418,นครพนม
2015-04-30,3925,3603,7528,กรุงเทพมหานคร
2015-04-30,228,240,468,ลพบุรี
2015-04-30,552,486,1038,นราธิวาส
2015-04-30,207,196,403,พัทลุง
2015-04-30,611,561,1172,บุรีรัมย์
2015-04-30,112,130,242,อำนาจเจริญ
2015-04-30,218,213,431,กำแพงเพชร
2015-04-30,132,138,270,พะเยา
2015-04-30,387,337,724,นครปฐม
2015-04-30,193,192,385,หนองคาย
2015-04-30,183,170,353,ลำปาง
2015-04-30,463,448,911,สกลนคร
2015-04-30,443,399,842,นนทบุรี
2015-04-30,238,237,475,จันทบุรี
2015-04-30,365,343,708,ตาก
2015-05-31,226,197,423,สระแก้ว
2015-05-31,326,328,654,พระนครศรีอยุธยา
2015-05-31,177,174,351,สุโขทัย
2015-05-31,402,367,769,ตาก
2015-05-31,157,176,333,ยโสธร
2015-05-31,365,381,746,ระยอง
2015-05-31,126,118,244,อุตรดิตถ์
2015-05-31,252,187,439,พัทลุง
2015-05-31,117,109,226,แพร่
2015-05-31,247,237,484,ลพบุรี
2015-05-31,505,450,955,สุรินทร์
2015-05-31,501,464,965,ปัตตานี
2015-05-31,280,285,565,กระบี่
2015-05-31,331,271,602,ตรัง
2015-05-31,257,228,485,ประจวบคีรีขันธ์
2015-05-31,177,162,339,ลำปาง
2015-05-31,231,218,449,กำแพงเพชร
2015-05-31,119,122,241,พะเยา
2015-05-31,182,164,346,หนองคาย
2015-05-31,383,393,776,ร้อยเอ็ด
2015-05-31,104,120,224,ระนอง
2015-05-31,278,231,509,จันทบุรี
2015-05-31,172,187,359,สตูล
2015-05-31,192,174,366,เพชรบุรี
2015-05-31,50,50,100,สมุทรสงคราม
2015-05-31,256,230,486,เลย
2015-05-31,348,330,678,พิษณุโลก
2015-05-31,1254,1201,2455,ชลบุรี
2015-05-31,90,81,171,ตราด
2015-05-31,351,312,663,ชัยภูมิ
2015-05-31,282,262,544,มหาสารคาม
2015-05-31,763,692,1455,นครศรีธรรมราช
2015-05-31,414,317,731,กาญจนบุรี
2015-05-31,354,330,684,สระบุรี
2015-05-31,497,448,945,ปทุมธานี
2015-05-31,3998,3758,7756,กรุงเทพมหานคร
2015-05-31,755,691,1446,อุบลราชธานี
2015-05-31,96,92,188,อ่างทอง
2015-05-31,432,467,899,ศรีสะเกษ
2015-05-31,128,106,234,อุทัยธานี
2015-05-31,881,858,1739,สงขลา
2015-05-31,203,153,356,พิจิตร
2015-05-31,287,302,589,กาฬสินธุ์
2015-05-31,314,282,596,ฉะเชิงเทรา
2015-05-31,570,543,1113,อุดรธานี
2015-05-31,135,143,278,น่าน
2015-05-31,621,563,1184,บุรีรัมย์
2015-05-31,105,113,218,อำนาจเจริญ
2015-05-31,430,371,801,นนทบุรี
2015-05-31,462,452,914,ยะลา
2015-05-31,281,314,595,เพชรบูรณ์
2015-05-31,388,356,744,นครสวรรค์
2015-05-31,377,334,711,นครปฐม
2015-05-31,231,216,447,ปราจีนบุรี
2015-05-31,142,143,285,พังงา
2015-05-31,778,800,1578,เชียงใหม่
2015-05-31,171,159,330,หนองบัวลำภู
2015-05-31,211,192,403,นครพนม
2015-05-31,241,222,463,ชุมพร
2015-05-31,120,97,217,ชัยนาท
2015-05-31,978,995,1973,นครราชสีมา
2015-05-31,405,358,763,ราชบุรี
2015-05-31,584,586,1170,สุราษฎร์ธานี
2015-05-31,725,616,1341,สมุทรปราการ
2015-05-31,549,535,1084,นราธิวาส
2015-05-31,140,129,269,บึงกาฬ
2015-05-31,720,679,1399,ขอนแก่น
2015-05-31,135,127,262,มุกดาหาร
2015-05-31,437,431,868,เชียงราย
2015-05-31,385,310,695,สุพรรณบุรี
2015-05-31,159,132,291,นครนายก
2015-05-31,125,110,235,แม่ฮ่องสอน
2015-05-31,438,447,885,สกลนคร
2015-05-31,112,100,212,ลำพูน
2015-05-31,543,494,1037,สมุทรสาคร
2015-05-31,365,304,669,ภูเก็ต
2015-05-31,90,73,163,สิงห์บุรี
2015-06-30,955,878,1833,สงขลา
2015-06-30,68,59,127,สมุทรสงคราม
2015-06-30,4015,3742,7757,กรุงเทพมหานคร
2015-06-30,306,317,623,ตรัง
2015-06-30,804,694,1498,ขอนแก่น
2015-06-30,335,301,636,สุพรรณบุรี
2015-06-30,264,251,515,ลพบุรี
2015-06-30,624,577,1201,บุรีรัมย์
2015-06-30,408,373,781,ตาก
2015-06-30,707,640,1347,สมุทรปราการ
2015-06-30,182,169,351,ลำปาง
2015-06-30,265,247,512,ชุมพร
2015-06-30,150,163,313,มุกดาหาร
2015-06-30,181,183,364,เพชรบุรี
2015-06-30,381,365,746,กาญจนบุรี
2015-06-30,146,133,279,น่าน
2015-06-30,126,136,262,พะเยา
2015-06-30,541,503,1044,ปัตตานี
2015-06-30,474,507,981,สกลนคร
2015-06-30,247,242,489,จันทบุรี
2015-06-30,325,285,610,เพชรบูรณ์
2015-06-30,507,478,985,ศรีสะเกษ
2015-06-30,148,131,279,อำนาจเจริญ
2015-06-30,199,190,389,หนองคาย
2015-06-30,917,819,1736,เชียงใหม่
2015-06-30,320,315,635,พิษณุโลก
2015-06-30,782,766,1548,อุบลราชธานี
2015-06-30,339,372,711,พระนครศรีอยุธยา
2015-06-30,83,75,158,สิงห์บุรี
2015-06-30,247,220,467,เลย
2015-06-30,450,451,901,ยะลา
2015-06-30,221,209,430,สตูล
2015-06-30,595,530,1125,สมุทรสาคร
2015-06-30,433,417,850,นนทบุรี
2015-06-30,229,237,466,ปราจีนบุรี
2015-06-30,554,521,1075,นราธิวาส
2015-06-30,522,552,1074,สุรินทร์
2015-06-30,764,729,1493,นครศรีธรรมราช
2015-06-30,240,196,436,นครพนม
2015-06-30,369,383,752,นครปฐม
2015-06-30,367,330,697,ภูเก็ต
2015-06-30,115,110,225,ตราด
2015-06-30,125,105,230,ระนอง
2015-06-30,418,385,803,ราชบุรี
2015-06-30,378,379,757,ชัยภูมิ
2015-06-30,234,202,436,พัทลุง
2015-06-30,147,129,276,อุตรดิตถ์
2015-06-30,392,392,784,ระยอง
2015-06-30,158,147,305,นครนายก
2015-06-30,642,641,1283,สุราษฎร์ธานี
2015-06-30,120,114,234,อุทัยธานี
2015-06-30,171,177,348,ยโสธร
2015-06-30,121,133,254,ลำพูน
2015-06-30,231,211,442,กำแพงเพชร
2015-06-30,142,126,268,แม่ฮ่องสอน
2015-06-30,167,153,320,พิจิตร
2015-06-30,315,319,634,สระบุรี
2015-06-30,161,153,314,บึงกาฬ
2015-06-30,281,281,562,ประจวบคีรีขันธ์
2015-06-30,498,483,981,ปทุมธานี
2015-06-30,315,284,599,กาฬสินธุ์
2015-06-30,419,370,789,ร้อยเอ็ด
2015-06-30,312,280,592,กระบี่
2015-06-30,155,155,310,สุโขทัย
2015-06-30,627,546,1173,อุดรธานี
2015-06-30,88,92,180,ชัยนาท
2015-06-30,352,350,702,ฉะเชิงเทรา
2015-06-30,1341,1221,2562,ชลบุรี
2015-06-30,220,222,442,สระแก้ว
2015-06-30,113,106,219,อ่างทอง
2015-06-30,366,375,741,นครสวรรค์
2015-06-30,183,180,363,หนองบัวลำภู
2015-06-30,300,271,571,มหาสารคาม
2015-06-30,125,112,237,แพร่
2015-06-30,1049,1023,2072,นครราชสีมา
2015-06-30,131,133,264,พังงา
2015-06-30,444,414,858,เชียงราย
2015-07-31,200,199,399,พัทลุง
2015-07-31,494,481,975,ปัตตานี
2015-07-31,391,379,770,นครปฐม
2015-07-31,132,137,269,พังงา
2015-07-31,792,712,1504,ขอนแก่น
2015-07-31,62,86,148,สิงห์บุรี
2015-07-31,213,209,422,นครพนม
2015-07-31,242,217,459,กำแพงเพชร
2015-07-31,910,900,1810,สงขลา
2015-07-31,158,130,288,อุตรดิตถ์
2015-07-31,634,591,1225,สุราษฎร์ธานี
2015-07-31,109,108,217,ระนอง
2015-07-31,1055,1000,2055,นครราชสีมา
2015-07-31,264,267,531,มหาสารคาม
2015-07-31,198,187,385,สุโขทัย
2015-07-31,1379,1328,2707,ชลบุรี
2015-07-31,339,310,649,พระนครศรีอยุธยา
2015-07-31,115,99,214,ชัยนาท
2015-07-31,173,201,374,เพชรบุรี
2015-07-31,253,231,484,ปราจีนบุรี
2015-07-31,4048,3842,7890,กรุงเทพมหานคร
2015-07-31,486,494,980,สกลนคร
2015-07-31,276,276,552,จันทบุรี
2015-07-31,214,169,383,สตูล
2015-07-31,582,520,1102,นราธิวาส
2015-07-31,885,830,1715,เชียงใหม่
2015-07-31,815,743,1558,อุบลราชธานี
2015-07-31,650,639,1289,สมุทรปราการ
2015-07-31,245,216,461,ชุมพร
2015-07-31,248,238,486,สระแก้ว
2015-07-31,352,312,664,ตาก
2015-07-31,147,132,279,พะเยา
2015-07-31,363,331,694,สุพรรณบุรี
2015-07-31,284,287,571,ลพบุรี
2015-07-31,193,182,375,ลำปาง
2015-07-31,572,604,1176,บุรีรัมย์
2015-07-31,171,150,321,มุกดาหาร
2015-07-31,177,147,324,น่าน
2015-07-31,188,171,359,พิจิตร
2015-07-31,413,378,791,ร้อยเอ็ด
2015-07-31,153,151,304,นครนายก
2015-07-31,349,338,687,ฉะเชิงเทรา
2015-07-31,344,365,709,ภูเก็ต
2015-07-31,64,53,117,สมุทรสงคราม
2015-07-31,176,203,379,หนองบัวลำภู
2015-07-31,107,98,205,อ่างทอง
2015-07-31,298,277,575,ประจวบคีรีขันธ์
2015-07-31,334,322,656,กาฬสินธุ์
2015-07-31,120,81,201,ตราด
2015-07-31,195,173,368,บึงกาฬ
2015-07-31,398,350,748,ชัยภูมิ
2015-07-31,408,381,789,ระยอง
2015-07-31,127,124,251,แม่ฮ่องสอน
2015-07-31,109,115,224,อุทัยธานี
2015-07-31,526,505,1031,ปทุมธานี
2015-07-31,124,142,266,ลำพูน
2015-07-31,354,307,661,สระบุรี
2015-07-31,647,626,1273,อุดรธานี
2015-07-31,355,347,702,ตรัง
2015-07-31,781,691,1472,นครศรีธรรมราช
2015-07-31,446,379,825,นครสวรรค์
2015-07-31,532,512,1044,ศรีสะเกษ
2015-07-31,487,462,949,เชียงราย
2015-07-31,319,257,576,กระบี่
2015-07-31,323,340,663,เพชรบูรณ์
2015-07-31,435,412,847,ราชบุรี
2015-07-31,168,202,370,ยโสธร
2015-07-31,133,119,252,อำนาจเจริญ
2015-07-31,520,462,982,ยะลา
2015-07-31,568,527,1095,สุรินทร์
2015-07-31,232,204,436,หนองคาย
2015-07-31,261,257,518,เลย
2015-07-31,110,134,244,แพร่
2015-07-31,645,588,1233,สมุทรสาคร
2015-07-31,376,345,721,กาญจนบุรี
2015-07-31,429,426,855,นนทบุรี
2015-07-31,395,339,734,พิษณุโลก
2015-08-31,138,132,270,แม่ฮ่องสอน
2015-08-31,135,138,273,แพร่
2015-08-31,230,190,420,บึงกาฬ
2015-08-31,375,392,767,ตาก
2015-08-31,692,601,1293,สุราษฎร์ธานี
2015-08-31,113,128,241,ระนอง
2015-08-31,473,465,938,ราชบุรี
2015-08-31,587,521,1108,สุรินทร์
2015-08-31,344,316,660,ตรัง
2015-08-31,525,502,1027,นราธิวาส
2015-08-31,194,165,359,สุโขทัย
2015-08-31,126,83,209,อ่างทอง
2015-08-31,271,321,592,ประจวบคีรีขันธ์
2015-08-31,904,844,1748,อุบลราชธานี
2015-08-31,556,502,1058,เชียงราย
2015-08-31,175,160,335,นครนายก
2015-08-31,378,382,760,สุพรรณบุรี
2015-08-31,756,694,1450,สมุทรปราการ
2015-08-31,444,403,847,ระยอง
2015-08-31,228,218,446,พิจิตร
2015-08-31,227,219,446,หนองคาย
2015-08-31,169,162,331,มุกดาหาร
2015-08-31,4379,4261,8640,กรุงเทพมหานคร
2015-08-31,200,218,418,ยโสธร
2015-08-31,153,165,318,ลำพูน
2015-08-31,549,512,1061,ศรีสะเกษ
2015-08-31,340,344,684,เพชรบูรณ์
2015-08-31,330,325,655,กระบี่
2015-08-31,294,289,583,เลย
2015-08-31,704,637,1341,สมุทรสาคร
2015-08-31,427,413,840,นครสวรรค์
2015-08-31,123,141,264,อำนาจเจริญ
2015-08-31,491,401,892,ยะลา
2015-08-31,439,387,826,พิษณุโลก
2015-08-31,429,398,827,กาญจนบุรี
2015-08-31,505,477,982,นนทบุรี
2015-08-31,63,40,103,สมุทรสงคราม
2015-08-31,154,173,327,พะเยา
2015-08-31,869,844,1713,ขอนแก่น
2015-08-31,211,204,415,ลำปาง
2015-08-31,182,139,321,น่าน
2015-08-31,196,199,395,หนองบัวลำภู
2015-08-31,448,442,890,ร้อยเอ็ด
2015-08-31,356,364,720,ฉะเชิงเทรา
2015-08-31,753,696,1449,อุดรธานี
2015-08-31,371,358,729,กาฬสินธุ์
2015-08-31,364,379,743,ภูเก็ต
2015-08-31,105,107,212,ตราด
2015-08-31,804,735,1539,นครศรีธรรมราช
2015-08-31,430,394,824,ชัยภูมิ
2015-08-31,129,111,240,อุทัยธานี
2015-08-31,371,327,698,สระบุรี
2015-08-31,693,628,1321,บุรีรัมย์
2015-08-31,307,299,606,ลพบุรี
2015-08-31,416,397,813,นครปฐม
2015-08-31,155,125,280,พังงา
2015-08-31,111,137,248,ชัยนาท
2015-08-31,200,212,412,เพชรบุรี
2015-08-31,1237,1140,2377,นครราชสีมา
2015-08-31,249,214,463,ปราจีนบุรี
2015-08-31,281,284,565,ชุมพร
2015-08-31,927,890,1817,สงขลา
2015-08-31,594,541,1135,สกลนคร
2015-08-31,300,281,581,จันทบุรี
2015-08-31,184,177,361,สตูล
2015-08-31,345,303,648,มหาสารคาม
2015-08-31,123,134,257,อุตรดิตถ์
2015-08-31,104,77,181,สิงห์บุรี
2015-08-31,575,553,1128,ปทุมธานี
2015-08-31,250,223,473,สระแก้ว
2015-08-31,293,214,507,กำแพงเพชร
2015-08-31,401,344,745,พระนครศรีอยุธยา
2015-08-31,1439,1376,2815,ชลบุรี
2015-08-31,533,481,1014,ปัตตานี
2015-08-31,272,234,506,นครพนม
2015-08-31,249,190,439,พัทลุง
2015-08-31,985,892,1877,เชียงใหม่
2015-09-30,554,546,1100,เชียงราย
2015-09-30,383,359,742,สระบุรี
2015-09-30,774,698,1472,อุดรธานี
2015-09-30,199,211,410,บึงกาฬ
2015-09-30,146,139,285,อุทัยธานี
2015-09-30,956,859,1815,สงขลา
2015-09-30,117,111,228,ชัยนาท
2015-09-30,455,431,886,ชัยภูมิ
2015-09-30,183,146,329,แม่ฮ่องสอน
2015-09-30,1547,1414,2961,ชลบุรี
2015-09-30,425,383,808,ภูเก็ต
2015-09-30,144,168,312,พะเยา
2015-09-30,674,655,1329,สุราษฎร์ธานี
2015-09-30,312,342,654,ลพบุรี
2015-09-30,166,160,326,แพร่
2015-09-30,895,848,1743,ขอนแก่น
2015-09-30,71,94,165,สิงห์บุรี
2015-09-30,304,313,617,กระบี่
2015-09-30,293,288,581,เลย
2015-09-30,209,192,401,ยโสธร
2015-09-30,238,221,459,หนองบัวลำภู
2015-09-30,475,436,911,นครสวรรค์
2015-09-30,231,249,480,หนองคาย
2015-09-30,310,306,616,ประจวบคีรีขันธ์
2015-09-30,323,261,584,ชุมพร
2015-09-30,808,714,1522,นครศรีธรรมราช
2015-09-30,156,150,306,พังงา
2015-09-30,158,170,328,น่าน
2015-09-30,207,169,376,สตูล
2015-09-30,146,125,271,อำนาจเจริญ
2015-09-30,251,236,487,กำแพงเพชร
2015-09-30,110,94,204,ระนอง
2015-09-30,126,102,228,ตราด
2015-09-30,590,566,1156,ศรีสะเกษ
2015-09-30,707,657,1364,สมุทรสาคร
2015-09-30,126,165,291,ลำพูน
2015-09-30,204,169,373,นครนายก
2015-09-30,149,154,303,อุตรดิตถ์
2015-09-30,375,352,727,กาฬสินธุ์
2015-09-30,359,365,724,ฉะเชิงเทรา
2015-09-30,919,917,1836,อุบลราชธานี
2015-09-30,222,200,422,สุโขทัย
2015-09-30,466,500,966,ราชบุรี
2015-09-30,678,621,1299,บุรีรัมย์
2015-09-30,524,565,1089,นราธิวาส
2015-09-30,196,209,405,เพชรบุรี
2015-09-30,478,439,917,นนทบุรี
2015-09-30,757,723,1480,สมุทรปราการ
2015-09-30,443,459,902,ยะลา
2015-09-30,214,227,441,พัทลุง
2015-09-30,387,376,763,พระนครศรีอยุธยา
2015-09-30,1199,1102,2301,นครราชสีมา
2015-09-30,384,327,711,เพชรบูรณ์
2015-09-30,277,253,530,ปราจีนบุรี
2015-09-30,303,279,582,จันทบุรี
2015-09-30,551,528,1079,สกลนคร
2015-09-30,942,923,1865,เชียงใหม่
2015-09-30,430,377,807,นครปฐม
2015-09-30,405,426,831,พิษณุโลก
2015-09-30,211,171,382,มุกดาหาร
2015-09-30,407,380,787,สุพรรณบุรี
2015-09-30,321,304,625,มหาสารคาม
2015-09-30,408,402,810,กาญจนบุรี
2015-09-30,293,286,579,นครพนม
2015-09-30,231,212,443,ลำปาง
2015-09-30,243,271,514,สระแก้ว
2015-09-30,582,573,1155,ปทุมธานี
2015-09-30,510,486,996,ปัตตานี
2015-09-30,72,66,138,สมุทรสงคราม
2015-09-30,466,455,921,ระยอง
2015-09-30,495,438,933,ร้อยเอ็ด
2015-09-30,113,107,220,อ่างทอง
2015-09-30,317,291,608,ตรัง
2015-09-30,605,614,1219,สุรินทร์
2015-09-30,403,370,773,ตาก
2015-09-30,4666,4297,8963,กรุงเทพมหานคร
2015-09-30,220,194,414,พิจิตร
2015-10-31,362,343,705,เพชรบูรณ์
2015-10-31,112,108,220,ตราด
2015-10-31,226,203,429,ลำปาง
2015-10-31,411,394,805,นครปฐม
2015-10-31,410,402,812,พระนครศรีอยุธยา
2015-10-31,464,407,871,ชัยภูมิ
2015-10-31,133,157,290,พังงา
2015-10-31,883,818,1701,ขอนแก่น
2015-10-31,216,201,417,สตูล
2015-10-31,122,147,269,อำนาจเจริญ
2015-10-31,460,460,920,นครสวรรค์
2015-10-31,476,430,906,ร้อยเอ็ด
2015-10-31,139,113,252,อุทัยธานี
2015-10-31,307,265,572,จันทบุรี
2015-10-31,467,471,938,ยะลา
2015-10-31,220,215,435,พัทลุง
2015-10-31,393,360,753,พิษณุโลก
2015-10-31,143,183,326,พะเยา
2015-10-31,218,197,415,พิจิตร
2015-10-31,609,575,1184,ศรีสะเกษ
2015-10-31,309,312,621,เลย
2015-10-31,724,680,1404,สมุทรสาคร
2015-10-31,97,82,179,สิงห์บุรี
2015-10-31,174,158,332,ลำพูน
2015-10-31,340,320,660,กระบี่
2015-10-31,585,555,1140,สุรินทร์
2015-10-31,951,922,1873,สงขลา
2015-10-31,511,487,998,ปัตตานี
2015-10-31,395,387,782,ภูเก็ต
2015-10-31,386,378,764,กาฬสินธุ์
2015-10-31,738,701,1439,อุดรธานี
2015-10-31,76,67,143,สมุทรสงคราม
2015-10-31,361,383,744,ฉะเชิงเทรา
2015-10-31,675,657,1332,บุรีรัมย์
2015-10-31,162,172,334,น่าน
2015-10-31,304,319,623,ลพบุรี
2015-10-31,544,569,1113,ปทุมธานี
2015-10-31,369,371,740,สระบุรี
2015-10-31,521,465,986,นนทบุรี
2015-10-31,126,140,266,อุตรดิตถ์
2015-10-31,1520,1472,2992,ชลบุรี
2015-10-31,233,214,447,สุโขทัย
2015-10-31,826,886,1712,อุบลราชธานี
2015-10-31,479,453,932,ราชบุรี
2015-10-31,404,358,762,สุพรรณบุรี
2015-10-31,569,506,1075,เชียงราย
2015-10-31,115,117,232,ระนอง
2015-10-31,159,176,335,นครนายก
2015-10-31,204,177,381,บึงกาฬ
2015-10-31,133,124,257,แพร่
2015-10-31,149,127,276,แม่ฮ่องสอน
2015-10-31,191,163,354,มุกดาหาร
2015-10-31,407,350,757,ตาก
2015-10-31,270,290,560,นครพนม
2015-10-31,837,756,1593,นครศรีธรรมราช
2015-10-31,444,417,861,ระยอง
2015-10-31,216,223,439,หนองบัวลำภู
2015-10-31,276,245,521,สระแก้ว
2015-10-31,222,197,419,หนองคาย
2015-10-31,426,371,797,กาญจนบุรี
2015-10-31,4484,4402,8886,กรุงเทพมหานคร
2015-10-31,347,290,637,ประจวบคีรีขันธ์
2015-10-31,342,337,679,ตรัง
2015-10-31,124,123,247,อ่างทอง
2015-10-31,554,539,1093,นราธิวาส
2015-10-31,666,700,1366,สุราษฎร์ธานี
2015-10-31,343,305,648,มหาสารคาม
2015-10-31,276,262,538,ปราจีนบุรี
2015-10-31,273,267,540,ชุมพร
2015-10-31,556,518,1074,สกลนคร
2015-10-31,277,261,538,กำแพงเพชร
2015-10-31,93,110,203,ชัยนาท
2015-10-31,921,930,1851,เชียงใหม่
2015-10-31,780,738,1518,สมุทรปราการ
2015-10-31,1142,1105,2247,นครราชสีมา
2015-10-31,214,198,412,เพชรบุรี
2015-10-31,196,178,374,ยโสธร
2015-11-30,979,937,1916,เชียงใหม่
2015-11-30,100,98,198,ตราด
2015-11-30,951,928,1879,สงขลา
2015-11-30,531,533,1064,ปัตตานี
2015-11-30,203,187,390,หนองบัวลำภู
2015-11-30,273,290,563,ชุมพร
2015-11-30,517,456,973,สกลนคร
2015-11-30,252,242,494,สระแก้ว
2015-11-30,351,316,667,เพชรบูรณ์
2015-11-30,789,742,1531,ขอนแก่น
2015-11-30,397,383,780,กาญจนบุรี
2015-11-30,332,314,646,สระบุรี
2015-11-30,139,119,258,ระนอง
2015-11-30,394,348,742,ชัยภูมิ
2015-11-30,684,646,1330,อุดรธานี
2015-11-30,4158,3858,8016,กรุงเทพมหานคร
2015-11-30,119,126,245,อุทัยธานี
2015-11-30,398,389,787,นครปฐม
2015-11-30,167,158,325,พังงา
2015-11-30,490,489,979,ปทุมธานี
2015-11-30,564,539,1103,สุรินทร์
2015-11-30,187,138,325,น่าน
2015-11-30,272,214,486,นครพนม
2015-11-30,663,663,1326,สุราษฎร์ธานี
2015-11-30,582,579,1161,นราธิวาส
2015-11-30,639,630,1269,บุรีรัมย์
2015-11-30,368,337,705,ฉะเชิงเทรา
2015-11-30,699,666,1365,สมุทรปราการ
2015-11-30,306,299,605,กาฬสินธุ์
2015-11-30,425,447,872,ราชบุรี
2015-11-30,383,357,740,ภูเก็ต
2015-11-30,360,355,715,สุพรรณบุรี
2015-11-30,105,93,198,ชัยนาท
2015-11-30,1158,1072,2230,นครราชสีมา
2015-11-30,167,146,313,ลำพูน
2015-11-30,165,141,306,นครนายก
2015-11-30,88,60,148,สิงห์บุรี
2015-11-30,487,435,922,ยะลา
2015-11-30,177,170,347,บึงกาฬ
2015-11-30,170,183,353,พิจิตร
2015-11-30,148,124,272,แม่ฮ่องสอน
2015-11-30,271,250,521,ปราจีนบุรี
2015-11-30,130,118,248,อำนาจเจริญ
2015-11-30,180,157,337,มุกดาหาร
2015-11-30,421,411,832,นครสวรรค์
2015-11-30,442,413,855,นนทบุรี
2015-11-30,787,751,1538,นครศรีธรรมราช
2015-11-30,495,481,976,เชียงราย
2015-11-30,621,627,1248,สมุทรสาคร
2015-11-30,316,316,632,ตรัง
2015-11-30,300,335,635,มหาสารคาม
2015-11-30,247,268,515,จันทบุรี
2015-11-30,842,861,1703,อุบลราชธานี
2015-11-30,155,138,293,พะเยา
2015-11-30,1397,1383,2780,ชลบุรี
2015-11-30,369,338,707,ตาก
2015-11-30,177,171,348,เพชรบุรี
2015-11-30,221,185,406,สตูล
2015-11-30,405,398,803,ระยอง
2015-11-30,198,210,408,ยโสธร
2015-11-30,570,532,1102,ศรีสะเกษ
2015-11-30,354,293,647,กระบี่
2015-11-30,135,129,264,แพร่
2015-11-30,66,55,121,สมุทรสงคราม
2015-11-30,219,199,418,หนองคาย
2015-11-30,225,165,390,สุโขทัย
2015-11-30,358,349,707,พิษณุโลก
2015-11-30,199,212,411,ลำปาง
2015-11-30,213,229,442,พัทลุง
2015-11-30,299,238,537,เลย
2015-11-30,238,213,451,กำแพงเพชร
2015-11-30,272,292,564,ประจวบคีรีขันธ์
2015-11-30,153,141,294,อุตรดิตถ์
2015-11-30,101,106,207,อ่างทอง
2015-11-30,368,352,720,พระนครศรีอยุธยา
2015-11-30,442,394,836,ร้อยเอ็ด
2015-11-30,308,291,599,ลพบุรี
2015-12-31,144,140,284,ลำพูน
2015-12-31,504,494,998,เชียงราย
2015-12-31,85,87,172,สิงห์บุรี
2015-12-31,364,324,688,ภูเก็ต
2015-12-31,350,352,702,สุพรรณบุรี
2015-12-31,782,816,1598,อุบลราชธานี
2015-12-31,413,374,787,ราชบุรี
2015-12-31,564,511,1075,ศรีสะเกษ
2015-12-31,302,283,585,กระบี่
2015-12-31,798,711,1509,ขอนแก่น
2015-12-31,146,142,288,อุตรดิตถ์
2015-12-31,169,163,332,พิจิตร
2015-12-31,326,275,601,กาฬสินธุ์
2015-12-31,515,554,1069,นราธิวาส
2015-12-31,245,225,470,กำแพงเพชร
2015-12-31,214,278,492,ปราจีนบุรี
2015-12-31,158,152,310,น่าน
2015-12-31,293,267,560,ลพบุรี
2015-12-31,506,458,964,สกลนคร
2015-12-31,243,201,444,พัทลุง
2015-12-31,1114,1071,2185,นครราชสีมา
2015-12-31,615,543,1158,บุรีรัมย์
2015-12-31,119,108,227,ชัยนาท
2015-12-31,377,327,704,พระนครศรีอยุธยา
2015-12-31,642,673,1315,สมุทรปราการ
2015-12-31,487,478,965,ยะลา
2015-12-31,184,176,360,ยโสธร
2015-12-31,325,351,676,ฉะเชิงเทรา
2015-12-31,182,213,395,สุโขทัย
2015-12-31,181,187,368,เพชรบุรี
2015-12-31,652,613,1265,สุราษฎร์ธานี
2015-12-31,272,272,544,เลย
2015-12-31,289,253,542,ชุมพร
2015-12-31,140,127,267,อำนาจเจริญ
2015-12-31,289,278,567,ประจวบคีรีขันธ์
2015-12-31,444,383,827,นนทบุรี
2015-12-31,186,131,317,นครนายก
2015-12-31,289,304,593,สระบุรี
2015-12-31,419,371,790,ระยอง
2015-12-31,194,175,369,หนองบัวลำภู
2015-12-31,676,666,1342,อุดรธานี
2015-12-31,350,306,656,เพชรบูรณ์
2015-12-31,215,227,442,สระแก้ว
2015-12-31,358,361,719,นครปฐม
2015-12-31,324,296,620,ตรัง
2015-12-31,173,181,354,หนองคาย
2015-12-31,395,316,711,กาญจนบุรี
2015-12-31,130,141,271,พังงา
2015-12-31,105,123,228,อุทัยธานี
2015-12-31,4029,3905,7934,กรุงเทพมหานคร
2015-12-31,203,177,380,สตูล
2015-12-31,127,104,231,ระนอง
2015-12-31,376,342,718,ชัยภูมิ
2015-12-31,421,433,854,ร้อยเอ็ด
2015-12-31,93,98,191,อ่างทอง
2015-12-31,108,85,193,ตราด
2015-12-31,300,283,583,มหาสารคาม
2015-12-31,557,579,1136,สมุทรสาคร
2015-12-31,169,153,322,พะเยา
2015-12-31,739,696,1435,นครศรีธรรมราช
2015-12-31,351,323,674,พิษณุโลก
2015-12-31,180,163,343,บึงกาฬ
2015-12-31,110,128,238,แพร่
2015-12-31,145,150,295,แม่ฮ่องสอน
2015-12-31,1365,1281,2646,ชลบุรี
2015-12-31,555,527,1082,สุรินทร์
2015-12-31,387,404,791,นครสวรรค์
2015-12-31,144,167,311,มุกดาหาร
2015-12-31,395,344,739,ตาก
2015-12-31,933,867,1800,สงขลา
2015-12-31,250,237,487,นครพนม
2015-12-31,483,501,984,ปัตตานี
2015-12-31,45,47,92,สมุทรสงคราม
2015-12-31,213,202,415,ลำปาง
2015-12-31,503,515,1018,ปทุมธานี
2015-12-31,263,268,531,จันทบุรี
2015-12-31,979,914,1893,เชียงใหม่
2016-01-31,1227,1210,2437,ชลบุรี
2016-01-31,912,792,1704,เชียงใหม่
2016-01-31,221,237,458,ชุมพร
2016-01-31,133,127,260,อุตรดิตถ์
2016-01-31,287,255,542,มหาสารคาม
2016-01-31,324,300,624,นครปฐม
2016-01-31,364,371,735,ร้อยเอ็ด
2016-01-31,326,307,633,สุพรรณบุรี
2016-01-31,217,220,437,ปราจีนบุรี
2016-01-31,107,100,207,ระนอง
2016-01-31,3878,3601,7479,กรุงเทพมหานคร
2016-01-31,347,351,698,กาญจนบุรี
2016-01-31,175,175,350,หนองคาย
2016-01-31,260,281,541,ตรัง
2016-01-31,208,242,450,สระแก้ว
2016-01-31,205,193,398,หนองบัวลำภู
2016-01-31,369,394,763,ระยอง
2016-01-31,655,654,1309,นครศรีธรรมราช
2016-01-31,156,131,287,นครนายก
2016-01-31,233,203,436,นครพนม
2016-01-31,351,331,682,ตาก
2016-01-31,143,137,280,มุกดาหาร
2016-01-31,497,469,966,สกลนคร
2016-01-31,122,115,237,แม่ฮ่องสอน
2016-01-31,125,124,249,แพร่
2016-01-31,510,441,951,เชียงราย
2016-01-31,257,234,491,ประจวบคีรีขันธ์
2016-01-31,807,723,1530,อุบลราชธานี
2016-01-31,400,392,792,ราชบุรี
2016-01-31,486,482,968,นราธิวาส
2016-01-31,176,173,349,เพชรบุรี
2016-01-31,613,540,1153,สุราษฎร์ธานี
2016-01-31,188,175,363,ยโสธร
2016-01-31,609,516,1125,สมุทรปราการ
2016-01-31,89,91,180,ชัยนาท
2016-01-31,200,216,416,กำแพงเพชร
2016-01-31,1019,1061,2080,นครราชสีมา
2016-01-31,161,146,307,บึงกาฬ
2016-01-31,741,751,1492,ขอนแก่น
2016-01-31,177,170,347,สตูล
2016-01-31,129,115,244,พังงา
2016-01-31,294,234,528,ลพบุรี
2016-01-31,606,540,1146,บุรีรัมย์
2016-01-31,331,298,629,ฉะเชิงเทรา
2016-01-31,155,164,319,สุโขทัย
2016-01-31,315,314,629,กาฬสินธุ์
2016-01-31,341,336,677,ภูเก็ต
2016-01-31,513,513,1026,ศรีสะเกษ
2016-01-31,132,138,270,ลำพูน
2016-01-31,273,263,536,กระบี่
2016-01-31,80,69,149,สิงห์บุรี
2016-01-31,247,240,487,เลย
2016-01-31,515,501,1016,สมุทรสาคร
2016-01-31,165,152,317,น่าน
2016-01-31,201,163,364,พิจิตร
2016-01-31,59,52,111,สมุทรสงคราม
2016-01-31,861,843,1704,สงขลา
2016-01-31,450,419,869,ปัตตานี
2016-01-31,174,162,336,ลำปาง
2016-01-31,431,405,836,ปทุมธานี
2016-01-31,147,144,291,พะเยา
2016-01-31,316,282,598,สระบุรี
2016-01-31,591,581,1172,อุดรธานี
2016-01-31,520,519,1039,สุรินทร์
2016-01-31,133,94,227,อุทัยธานี
2016-01-31,315,332,647,ชัยภูมิ
2016-01-31,98,84,182,ตราด
2016-01-31,365,324,689,พิษณุโลก
2016-01-31,416,347,763,นนทบุรี
2016-01-31,88,71,159,อ่างทอง
2016-01-31,122,127,249,อำนาจเจริญ
2016-01-31,338,301,639,เพชรบูรณ์
2016-01-31,191,204,395,พัทลุง
2016-01-31,352,344,696,นครสวรรค์
2016-01-31,410,432,842,ยะลา
2016-01-31,317,288,605,พระนครศรีอยุธยา
2016-01-31,255,243,498,จันทบุรี
2016-02-29,242,233,475,มหาสารคาม
2016-02-29,786,762,1548,สงขลา
2016-02-29,361,340,701,ระยอง
2016-02-29,379,391,770,ยะลา
2016-02-29,48,49,97,สมุทรสงคราม
2016-02-29,313,331,644,ตาก
2016-02-29,422,452,874,ปัตตานี
2016-02-29,331,259,590,พิษณุโลก
2016-02-29,224,172,396,นครพนม
2016-02-29,759,774,1533,เชียงใหม่
2016-02-29,130,127,257,แม่ฮ่องสอน
2016-02-29,155,133,288,บึงกาฬ
2016-02-29,151,137,288,พิจิตร
2016-02-29,457,383,840,สกลนคร
2016-02-29,507,458,965,สมุทรสาคร
2016-02-29,110,83,193,แพร่
2016-02-29,71,84,155,อ่างทอง
2016-02-29,421,405,826,เชียงราย
2016-02-29,131,125,256,มุกดาหาร
2016-02-29,172,156,328,ลำปาง
2016-02-29,108,130,238,อุตรดิตถ์
2016-02-29,362,318,680,นครสวรรค์
2016-02-29,128,127,255,พังงา
2016-02-29,311,288,599,ชัยภูมิ
2016-02-29,100,87,187,ระนอง
2016-02-29,173,158,331,หนองคาย
2016-02-29,104,91,195,อุทัยธานี
2016-02-29,348,340,688,ร้อยเอ็ด
2016-02-29,3522,3360,6882,กรุงเทพมหานคร
2016-02-29,310,303,613,กาญจนบุรี
2016-02-29,95,78,173,ตราด
2016-02-29,455,444,899,สุรินทร์
2016-02-29,333,305,638,นครปฐม
2016-02-29,439,484,923,ปทุมธานี
2016-02-29,533,526,1059,อุดรธานี
2016-02-29,207,169,376,สระแก้ว
2016-02-29,249,230,479,ตรัง
2016-02-29,134,127,261,พะเยา
2016-02-29,293,299,592,สระบุรี
2016-02-29,159,136,295,หนองบัวลำภู
2016-02-29,137,117,254,นครนายก
2016-02-29,167,163,330,สตูล
2016-02-29,299,249,548,เพชรบูรณ์
2016-02-29,645,613,1258,นครศรีธรรมราช
2016-02-29,257,266,523,กระบี่
2016-02-29,130,134,264,ลำพูน
2016-02-29,324,258,582,พระนครศรีอยุธยา
2016-02-29,239,203,442,ชุมพร
2016-02-29,162,143,305,สุโขทัย
2016-02-29,545,576,1121,สุราษฎร์ธานี
2016-02-29,224,236,460,ประจวบคีรีขันธ์
2016-02-29,311,275,586,ฉะเชิงเทรา
2016-02-29,242,253,495,ลพบุรี
2016-02-29,158,171,329,เพชรบุรี
2016-02-29,209,187,396,กำแพงเพชร
2016-02-29,227,211,438,เลย
2016-02-29,175,148,323,ยโสธร
2016-02-29,499,502,1001,นราธิวาส
2016-02-29,925,849,1774,นครราชสีมา
2016-02-29,319,312,631,ภูเก็ต
2016-02-29,209,189,398,จันทบุรี
2016-02-29,115,99,214,อำนาจเจริญ
2016-02-29,531,545,1076,สมุทรปราการ
2016-02-29,158,165,323,พัทลุง
2016-02-29,525,479,1004,บุรีรัมย์
2016-02-29,690,663,1353,อุบลราชธานี
2016-02-29,64,67,131,สิงห์บุรี
2016-02-29,1218,1111,2329,ชลบุรี
2016-02-29,679,621,1300,ขอนแก่น
2016-02-29,468,424,892,ศรีสะเกษ
2016-02-29,304,281,585,สุพรรณบุรี
2016-02-29,388,338,726,นนทบุรี
2016-02-29,397,335,732,ราชบุรี
2016-02-29,79,77,156,ชัยนาท
2016-02-29,216,176,392,ปราจีนบุรี
2016-02-29,142,132,274,น่าน
2016-02-29,305,276,581,กาฬสินธุ์
2016-03-31,350,352,702,นครปฐม
2016-03-31,205,195,400,กำแพงเพชร
2016-03-31,334,348,682,กาญจนบุรี
2016-03-31,304,284,588,พิษณุโลก
2016-03-31,77,81,158,ตราด
2016-03-31,305,280,585,กระบี่
2016-03-31,962,920,1882,นครราชสีมา
2016-03-31,215,231,446,ปราจีนบุรี
2016-03-31,100,111,211,อุทัยธานี
2016-03-31,319,298,617,ชัยภูมิ
2016-03-31,145,132,277,พังงา
2016-03-31,467,472,939,สุรินทร์
2016-03-31,153,140,293,ยโสธร
2016-03-31,329,314,643,นครสวรรค์
2016-03-31,144,123,267,นครนายก
2016-03-31,292,260,552,ประจวบคีรีขันธ์
2016-03-31,752,738,1490,อุบลราชธานี
2016-03-31,295,330,625,สุพรรณบุรี
2016-03-31,145,136,281,พิจิตร
2016-03-31,432,404,836,ราชบุรี
2016-03-31,159,130,289,บึงกาฬ
2016-03-31,1263,1205,2468,ชลบุรี
2016-03-31,124,126,250,อำนาจเจริญ
2016-03-31,327,340,667,ตาก
2016-03-31,49,42,91,สมุทรสงคราม
2016-03-31,234,176,410,สระแก้ว
2016-03-31,360,336,696,ภูเก็ต
2016-03-31,170,172,342,เพชรบุรี
2016-03-31,366,335,701,ระยอง
2016-03-31,166,159,325,สุโขทัย
2016-03-31,580,564,1144,สุราษฎร์ธานี
2016-03-31,650,615,1265,นครศรีธรรมราช
2016-03-31,267,229,496,จันทบุรี
2016-03-31,311,273,584,เพชรบูรณ์
2016-03-31,300,283,583,ฉะเชิงเทรา
2016-03-31,519,527,1046,บุรีรัมย์
2016-03-31,292,317,609,สระบุรี
2016-03-31,455,459,914,ศรีสะเกษ
2016-03-31,550,476,1026,สมุทรสาคร
2016-03-31,113,136,249,แม่ฮ่องสอน
2016-03-31,700,722,1422,ขอนแก่น
2016-03-31,147,107,254,อุตรดิตถ์
2016-03-31,177,155,332,สตูล
2016-03-31,161,151,312,มุกดาหาร
2016-03-31,184,160,344,ลำปาง
2016-03-31,366,363,729,ร้อยเอ็ด
2016-03-31,88,85,173,อ่างทอง
2016-03-31,303,276,579,ตรัง
2016-03-31,173,148,321,น่าน
2016-03-31,112,103,215,ระนอง
2016-03-31,815,815,1630,เชียงใหม่
2016-03-31,538,490,1028,นราธิวาส
2016-03-31,663,587,1250,สมุทรปราการ
2016-03-31,423,414,837,สกลนคร
2016-03-31,428,408,836,เชียงราย
2016-03-31,491,447,938,ปทุมธานี
2016-03-31,133,111,244,พะเยา
2016-03-31,464,446,910,ปัตตานี
2016-03-31,190,210,400,นครพนม
2016-03-31,233,241,474,เลย
2016-03-31,241,264,505,ลพบุรี
2016-03-31,307,290,597,พระนครศรีอยุธยา
2016-03-31,174,190,364,พัทลุง
2016-03-31,3895,3637,7532,กรุงเทพมหานคร
2016-03-31,269,247,516,มหาสารคาม
2016-03-31,190,177,367,หนองคาย
2016-03-31,127,115,242,แพร่
2016-03-31,275,265,540,กาฬสินธุ์
2016-03-31,515,415,930,ยะลา
2016-03-31,840,799,1639,สงขลา
2016-03-31,145,139,284,ลำพูน
2016-03-31,612,541,1153,อุดรธานี
2016-03-31,174,148,322,หนองบัวลำภู
2016-03-31,236,234,470,ชุมพร
2016-03-31,86,79,165,ชัยนาท
2016-03-31,82,64,146,สิงห์บุรี
2016-03-31,428,402,830,นนทบุรี
2016-04-30,289,306,595,ฉะเชิงเทรา
2016-04-30,412,405,817,เชียงราย
2016-04-30,124,112,236,ลำพูน
2016-04-30,279,268,547,ตรัง
2016-04-30,282,280,562,กาฬสินธุ์
2016-04-30,576,458,1034,สมุทรสาคร
2016-04-30,91,102,193,อ่างทอง
2016-04-30,151,134,285,บึงกาฬ
2016-04-30,164,155,319,พิจิตร
2016-04-30,170,182,352,หนองคาย
2016-04-30,306,325,631,ตาก
2016-04-30,515,507,1022,ปัตตานี
2016-04-30,726,651,1377,ขอนแก่น
2016-04-30,115,114,229,พังงา
2016-04-30,146,176,322,สุโขทัย
2016-04-30,186,190,376,พัทลุง
2016-04-30,315,274,589,พระนครศรีอยุธยา
2016-04-30,449,441,890,ศรีสะเกษ
2016-04-30,286,258,544,มหาสารคาม
2016-04-30,219,196,415,ชุมพร
2016-04-30,93,95,188,ชัยนาท
2016-04-30,48,55,103,สมุทรสงคราม
2016-04-30,346,358,704,นครสวรรค์
2016-04-30,132,110,242,อุตรดิตถ์
2016-04-30,420,339,759,ร้อยเอ็ด
2016-04-30,551,524,1075,สุราษฎร์ธานี
2016-04-30,187,170,357,เพชรบุรี
2016-04-30,77,86,163,ตราด
2016-04-30,749,674,1423,อุบลราชธานี
2016-04-30,336,311,647,พิษณุโลก
2016-04-30,94,100,194,แพร่
2016-04-30,485,470,955,สุรินทร์
2016-04-30,410,345,755,ระยอง
2016-04-30,471,436,907,ปทุมธานี
2016-04-30,193,183,376,ลำปาง
2016-04-30,266,233,499,ประจวบคีรีขันธ์
2016-04-30,105,96,201,ระนอง
2016-04-30,548,526,1074,บุรีรัมย์
2016-04-30,216,197,413,ปราจีนบุรี
2016-04-30,260,260,520,ลพบุรี
2016-04-30,978,927,1905,นครราชสีมา
2016-04-30,273,271,544,กระบี่
2016-04-30,631,569,1200,สมุทรปราการ
2016-04-30,332,332,664,ภูเก็ต
2016-04-30,580,534,1114,นราธิวาส
2016-04-30,159,183,342,หนองบัวลำภู
2016-04-30,100,122,222,อุทัยธานี
2016-04-30,164,164,328,ยโสธร
2016-04-30,610,529,1139,อุดรธานี
2016-04-30,390,379,769,ราชบุรี
2016-04-30,129,148,277,พะเยา
2016-04-30,155,122,277,นครนายก
2016-04-30,362,362,724,ชัยภูมิ
2016-04-30,195,214,409,นครพนม
2016-04-30,301,294,595,สุพรรณบุรี
2016-04-30,650,647,1297,นครศรีธรรมราช
2016-04-30,144,149,293,น่าน
2016-04-30,166,163,329,สตูล
2016-04-30,147,149,296,มุกดาหาร
2016-04-30,232,203,435,สระแก้ว
2016-04-30,221,214,435,จันทบุรี
2016-04-30,87,74,161,สิงห์บุรี
2016-04-30,371,336,707,กาญจนบุรี
2016-04-30,403,368,771,นนทบุรี
2016-04-30,510,428,938,ยะลา
2016-04-30,213,197,410,กำแพงเพชร
2016-04-30,320,280,600,เพชรบูรณ์
2016-04-30,260,212,472,เลย
2016-04-30,435,459,894,สกลนคร
2016-04-30,3825,3677,7502,กรุงเทพมหานคร
2016-04-30,355,346,701,นครปฐม
2016-04-30,130,99,229,อำนาจเจริญ
2016-04-30,111,110,221,แม่ฮ่องสอน
2016-04-30,1160,1178,2338,ชลบุรี
2016-04-30,312,279,591,สระบุรี
2016-04-30,761,716,1477,เชียงใหม่
2016-04-30,893,787,1680,สงขลา
2016-05-31,344,355,699,ภูเก็ต
2016-05-31,901,803,1704,สงขลา
2016-05-31,265,266,531,มหาสารคาม
2016-05-31,143,116,259,พังงา
2016-05-31,357,324,681,พระนครศรีอยุธยา
2016-05-31,617,597,1214,อุดรธานี
2016-05-31,752,694,1446,ขอนแก่น
2016-05-31,303,304,607,สระบุรี
2016-05-31,275,272,547,ประจวบคีรีขันธ์
2016-05-31,365,340,705,ชัยภูมิ
2016-05-31,82,111,193,แพร่
2016-05-31,171,162,333,ยโสธร
2016-05-31,233,189,422,กำแพงเพชร
2016-05-31,216,232,448,เลย
2016-05-31,1336,1228,2564,ชลบุรี
2016-05-31,106,88,194,อ่างทอง
2016-05-31,112,113,225,อำนาจเจริญ
2016-05-31,190,201,391,สตูล
2016-05-31,313,296,609,ตรัง
2016-05-31,373,333,706,นครสวรรค์
2016-05-31,269,268,537,ลพบุรี
2016-05-31,314,291,605,กระบี่
2016-05-31,372,381,753,ระยอง
2016-05-31,352,314,666,ตาก
2016-05-31,735,683,1418,อุบลราชธานี
2016-05-31,202,199,401,หนองคาย
2016-05-31,209,171,380,เพชรบุรี
2016-05-31,143,130,273,พะเยา
2016-05-31,125,139,264,อุตรดิตถ์
2016-05-31,107,90,197,อุทัยธานี
2016-05-31,146,141,287,น่าน
2016-05-31,105,84,189,ชัยนาท
2016-05-31,852,804,1656,เชียงใหม่
2016-05-31,702,689,1391,นครศรีธรรมราช
2016-05-31,131,140,271,มุกดาหาร
2016-05-31,466,480,946,สุรินทร์
2016-05-31,535,475,1010,ปทุมธานี
2016-05-31,1015,966,1981,นครราชสีมา
2016-05-31,565,504,1069,ปัตตานี
2016-05-31,509,413,922,สกลนคร
2016-05-31,462,428,890,เชียงราย
2016-05-31,182,165,347,พิจิตร
2016-05-31,208,186,394,นครพนม
2016-05-31,491,425,916,ยะลา
2016-05-31,364,322,686,สุพรรณบุรี
2016-05-31,167,147,314,บึงกาฬ
2016-05-31,449,405,854,นนทบุรี
2016-05-31,131,130,261,ลำพูน
2016-05-31,286,274,560,กาฬสินธุ์
2016-05-31,343,296,639,ฉะเชิงเทรา
2016-05-31,214,227,441,จันทบุรี
2016-05-31,698,615,1313,สมุทรปราการ
2016-05-31,399,369,768,ราชบุรี
2016-05-31,587,523,1110,สมุทรสาคร
2016-05-31,561,473,1034,บุรีรัมย์
2016-05-31,145,177,322,หนองบัวลำภู
2016-05-31,155,122,277,นครนายก
2016-05-31,204,178,382,พัทลุง
2016-05-31,124,99,223,ระนอง
2016-05-31,202,199,401,สุโขทัย
2016-05-31,374,356,730,กาญจนบุรี
2016-05-31,510,431,941,ศรีสะเกษ
2016-05-31,3877,3793,7670,กรุงเทพมหานคร
2016-05-31,129,123,252,แม่ฮ่องสอน
2016-05-31,377,370,747,นครปฐม
2016-05-31,66,45,111,สมุทรสงคราม
2016-05-31,335,320,655,พิษณุโลก
2016-05-31,237,227,464,ชุมพร
2016-05-31,252,213,465,ปราจีนบุรี
2016-05-31,185,156,341,ลำปาง
2016-05-31,352,356,708,ร้อยเอ็ด
2016-05-31,224,213,437,สระแก้ว
2016-05-31,646,574,1220,สุราษฎร์ธานี
2016-05-31,112,83,195,ตราด
2016-05-31,316,280,596,เพชรบูรณ์
2016-05-31,70,82,152,สิงห์บุรี
2016-05-31,548,545,1093,นราธิวาส
2016-06-30,229,197,426,ปราจีนบุรี
2016-06-30,637,629,1266,สมุทรปราการ
2016-06-30,430,403,833,สกลนคร
2016-06-30,1006,927,1933,นครราชสีมา
2016-06-30,292,226,518,ลพบุรี
2016-06-30,243,233,476,จันทบุรี
2016-06-30,266,267,533,กระบี่
2016-06-30,405,387,792,ราชบุรี
2016-06-30,343,300,643,สุพรรณบุรี
2016-06-30,123,127,250,พะเยา
2016-06-30,141,158,299,มุกดาหาร
2016-06-30,113,87,200,อุทัยธานี
2016-06-30,598,547,1145,อุดรธานี
2016-06-30,293,284,577,สระบุรี
2016-06-30,176,130,306,นครนายก
2016-06-30,224,196,420,สระแก้ว
2016-06-30,210,179,389,นครพนม
2016-06-30,836,786,1622,สงขลา
2016-06-30,3762,3697,7459,กรุงเทพมหานคร
2016-06-30,336,312,648,กาญจนบุรี
2016-06-30,533,515,1048,นราธิวาส
2016-06-30,367,340,707,ชัยภูมิ
2016-06-30,169,127,296,ยโสธร
2016-06-30,819,740,1559,เชียงใหม่
2016-06-30,326,312,638,พิษณุโลก
2016-06-30,340,320,660,ตาก
2016-06-30,707,711,1418,อุบลราชธานี
2016-06-30,520,455,975,ปทุมธานี
2016-06-30,85,97,182,ตราด
2016-06-30,184,176,360,หนองคาย
2016-06-30,366,341,707,ร้อยเอ็ด
2016-06-30,120,122,242,อุตรดิตถ์
2016-06-30,171,194,365,ลำปาง
2016-06-30,271,226,497,มหาสารคาม
2016-06-30,307,326,633,พระนครศรีอยุธยา
2016-06-30,48,48,96,สมุทรสงคราม
2016-06-30,448,496,944,ศรีสะเกษ
2016-06-30,169,171,340,สุโขทัย
2016-06-30,174,215,389,พัทลุง
2016-06-30,470,484,954,สุรินทร์
2016-06-30,417,341,758,ระยอง
2016-06-30,269,267,536,ตรัง
2016-06-30,477,463,940,ปัตตานี
2016-06-30,356,357,713,นครปฐม
2016-06-30,1285,1187,2472,ชลบุรี
2016-06-30,296,262,558,เพชรบูรณ์
2016-06-30,473,455,928,ยะลา
2016-06-30,237,236,473,เลย
2016-06-30,207,221,428,กำแพงเพชร
2016-06-30,420,392,812,นนทบุรี
2016-06-30,189,153,342,สตูล
2016-06-30,287,311,598,ประจวบคีรีขันธ์
2016-06-30,154,158,312,พิจิตร
2016-06-30,96,91,187,แพร่
2016-06-30,306,323,629,ฉะเชิงเทรา
2016-06-30,294,274,568,กาฬสินธุ์
2016-06-30,86,97,183,อ่างทอง
2016-06-30,123,102,225,ลำพูน
2016-06-30,555,494,1049,สมุทรสาคร
2016-06-30,550,520,1070,บุรีรัมย์
2016-06-30,67,79,146,สิงห์บุรี
2016-06-30,165,172,337,เพชรบุรี
2016-06-30,100,93,193,ชัยนาท
2016-06-30,122,106,228,แม่ฮ่องสอน
2016-06-30,363,334,697,นครสวรรค์
2016-06-30,150,144,294,บึงกาฬ
2016-06-30,419,367,786,เชียงราย
2016-06-30,113,87,200,อำนาจเจริญ
2016-06-30,636,729,1365,ขอนแก่น
2016-06-30,361,326,687,ภูเก็ต
2016-06-30,599,536,1135,สุราษฎร์ธานี
2016-06-30,680,637,1317,นครศรีธรรมราช
2016-06-30,161,174,335,หนองบัวลำภู
2016-06-30,239,217,456,ชุมพร
2016-06-30,146,125,271,พังงา
2016-06-30,110,100,210,ระนอง
2016-06-30,153,138,291,น่าน
2016-07-31,240,220,460,ชุมพร
2016-07-31,194,145,339,เพชรบุรี
2016-07-31,158,144,302,สุโขทัย
2016-07-31,386,449,835,เชียงราย
2016-07-31,538,530,1068,สมุทรสาคร
2016-07-31,278,250,528,ลพบุรี
2016-07-31,124,104,228,ลำพูน
2016-07-31,251,281,532,กระบี่
2016-07-31,191,164,355,พัทลุง
2016-07-31,147,172,319,บึงกาฬ
2016-07-31,206,162,368,หนองคาย
2016-07-31,309,284,593,กาฬสินธุ์
2016-07-31,770,711,1481,อุบลราชธานี
2016-07-31,323,285,608,ฉะเชิงเทรา
2016-07-31,159,140,299,พิจิตร
2016-07-31,336,314,650,ตาก
2016-07-31,463,463,926,ปัตตานี
2016-07-31,362,326,688,ชัยภูมิ
2016-07-31,482,446,928,สุรินทร์
2016-07-31,259,252,511,เลย
2016-07-31,79,68,147,สิงห์บุรี
2016-07-31,43,44,87,สมุทรสงคราม
2016-07-31,184,199,383,ลำปาง
2016-07-31,98,94,192,ชัยนาท
2016-07-31,287,299,586,พระนครศรีอยุธยา
2016-07-31,270,212,482,มหาสารคาม
2016-07-31,148,116,264,น่าน
2016-07-31,133,145,278,พะเยา
2016-07-31,455,437,892,ศรีสะเกษ
2016-07-31,139,127,266,พังงา
2016-07-31,115,149,264,อุตรดิตถ์
2016-07-31,549,521,1070,บุรีรัมย์
2016-07-31,561,505,1066,สุราษฎร์ธานี
2016-07-31,67,77,144,ตราด
2016-07-31,751,679,1430,ขอนแก่น
2016-07-31,302,287,589,พิษณุโลก
2016-07-31,346,363,709,ร้อยเอ็ด
2016-07-31,486,439,925,ปทุมธานี
2016-07-31,264,248,512,จันทบุรี
2016-07-31,427,374,801,ยะลา
2016-07-31,260,267,527,ประจวบคีรีขันธ์
2016-07-31,393,413,806,นนทบุรี
2016-07-31,84,93,177,แพร่
2016-07-31,319,294,613,สุพรรณบุรี
2016-07-31,155,132,287,มุกดาหาร
2016-07-31,338,307,645,สระบุรี
2016-07-31,138,136,274,อำนาจเจริญ
2016-07-31,688,662,1350,นครศรีธรรมราช
2016-07-31,1279,1174,2453,ชลบุรี
2016-07-31,166,161,327,หนองบัวลำภู
2016-07-31,147,133,280,นครนายก
2016-07-31,166,161,327,ยโสธร
2016-07-31,228,200,428,สระแก้ว
2016-07-31,237,191,428,นครพนม
2016-07-31,805,771,1576,สงขลา
2016-07-31,3911,3536,7447,กรุงเทพมหานคร
2016-07-31,207,194,401,กำแพงเพชร
2016-07-31,101,94,195,ระนอง
2016-07-31,331,317,648,กาญจนบุรี
2016-07-31,541,480,1021,นราธิวาส
2016-07-31,644,614,1258,สมุทรปราการ
2016-07-31,399,359,758,ราชบุรี
2016-07-31,961,894,1855,นครราชสีมา
2016-07-31,352,330,682,นครปฐม
2016-07-31,330,331,661,ภูเก็ต
2016-07-31,75,102,177,อ่างทอง
2016-07-31,389,363,752,ระยอง
2016-07-31,98,86,184,อุทัยธานี
2016-07-31,223,234,457,ปราจีนบุรี
2016-07-31,330,309,639,เพชรบูรณ์
2016-07-31,607,587,1194,อุดรธานี
2016-07-31,170,170,340,สตูล
2016-07-31,342,354,696,นครสวรรค์
2016-07-31,437,464,901,สกลนคร
2016-07-31,735,779,1514,เชียงใหม่
2016-07-31,134,96,230,แม่ฮ่องสอน
2016-07-31,305,271,576,ตรัง
2016-08-31,157,144,301,พังงา
2016-08-31,798,772,1570,อุบลราชธานี
2016-08-31,356,355,711,ตาก
2016-08-31,245,240,485,เลย
2016-08-31,257,238,495,กำแพงเพชร
2016-08-31,185,169,354,ยโสธร
2016-08-31,349,355,704,พระนครศรีอยุธยา
2016-08-31,140,131,271,แพร่
2016-08-31,101,92,193,อ่างทอง
2016-08-31,208,186,394,หนองคาย
2016-08-31,208,186,394,เพชรบุรี
2016-08-31,349,276,625,ประจวบคีรีขันธ์
2016-08-31,148,110,258,อุตรดิตถ์
2016-08-31,418,357,775,นครสวรรค์
2016-08-31,815,737,1552,ขอนแก่น
2016-08-31,316,283,599,ตรัง
2016-08-31,411,400,811,ระยอง
2016-08-31,601,565,1166,สุรินทร์
2016-08-31,218,178,396,พัทลุง
2016-08-31,370,379,749,นครปฐม
2016-08-31,137,118,255,แม่ฮ่องสอน
2016-08-31,907,828,1735,เชียงใหม่
2016-08-31,520,543,1063,สกลนคร
2016-08-31,288,226,514,ปราจีนบุรี
2016-08-31,1042,1094,2136,นครราชสีมา
2016-08-31,735,697,1432,สมุทรปราการ
2016-08-31,500,505,1005,นราธิวาส
2016-08-31,456,409,865,ราชบุรี
2016-08-31,347,382,729,สุพรรณบุรี
2016-08-31,168,150,318,มุกดาหาร
2016-08-31,741,695,1436,นครศรีธรรมราช
2016-08-31,207,201,408,หนองบัวลำภู
2016-08-31,169,151,320,นครนายก
2016-08-31,245,248,493,สระแก้ว
2016-08-31,252,251,503,นครพนม
2016-08-31,4151,3972,8123,กรุงเทพมหานคร
2016-08-31,125,107,232,ระนอง
2016-08-31,397,335,732,กาญจนบุรี
2016-08-31,339,293,632,เพชรบูรณ์
2016-08-31,489,419,908,ยะลา
2016-08-31,479,450,929,นนทบุรี
2016-08-31,667,621,1288,บุรีรัมย์
2016-08-31,193,182,375,สุโขทัย
2016-08-31,553,520,1073,ศรีสะเกษ
2016-08-31,282,297,579,ชุมพร
2016-08-31,318,312,630,มหาสารคาม
2016-08-31,39,65,104,สมุทรสงคราม
2016-08-31,199,180,379,ลำปาง
2016-08-31,88,109,197,ชัยนาท
2016-08-31,431,409,840,ร้อยเอ็ด
2016-08-31,525,522,1047,ปทุมธานี
2016-08-31,271,261,532,จันทบุรี
2016-08-31,674,571,1245,สุราษฎร์ธานี
2016-08-31,378,353,731,พิษณุโลก
2016-08-31,487,498,985,ปัตตานี
2016-08-31,613,560,1173,สมุทรสาคร
2016-08-31,501,447,948,เชียงราย
2016-08-31,171,134,305,ลำพูน
2016-08-31,189,158,347,บึงกาฬ
2016-08-31,328,321,649,กาฬสินธุ์
2016-08-31,359,350,709,ฉะเชิงเทรา
2016-08-31,171,176,347,พิจิตร
2016-08-31,83,96,179,ตราด
2016-08-31,132,130,262,อำนาจเจริญ
2016-08-31,93,71,164,สิงห์บุรี
2016-08-31,897,910,1807,สงขลา
2016-08-31,367,379,746,ภูเก็ต
2016-08-31,403,386,789,ชัยภูมิ
2016-08-31,119,124,243,อุทัยธานี
2016-08-31,328,331,659,สระบุรี
2016-08-31,192,187,379,สตูล
2016-08-31,161,157,318,น่าน
2016-08-31,307,318,625,กระบี่
2016-08-31,159,146,305,พะเยา
2016-08-31,301,264,565,ลพบุรี
2016-08-31,704,624,1328,อุดรธานี
2016-08-31,1412,1316,2728,ชลบุรี
2016-09-30,101,89,190,อ่างทอง
2016-09-30,874,864,1738,อุบลราชธานี
2016-09-30,592,545,1137,สุรินทร์
2016-09-30,383,296,679,ฉะเชิงเทรา
2016-09-30,1152,1043,2195,นครราชสีมา
2016-09-30,399,402,801,ชัยภูมิ
2016-09-30,446,460,906,ปัตตานี
2016-09-30,343,342,685,เพชรบูรณ์
2016-09-30,632,601,1233,สมุทรสาคร
2016-09-30,270,229,499,สระแก้ว
2016-09-30,515,474,989,เชียงราย
2016-09-30,439,397,836,ระยอง
2016-09-30,144,138,282,ลำพูน
2016-09-30,554,478,1032,สกลนคร
2016-09-30,311,314,625,ตรัง
2016-09-30,173,155,328,น่าน
2016-09-30,250,274,524,นครพนม
2016-09-30,172,157,329,สตูล
2016-09-30,418,379,797,นครสวรรค์
2016-09-30,879,817,1696,สงขลา
2016-09-30,393,361,754,กาฬสินธุ์
2016-09-30,173,175,348,บึงกาฬ
2016-09-30,360,318,678,ภูเก็ต
2016-09-30,264,243,507,ปราจีนบุรี
2016-09-30,277,246,523,ชุมพร
2016-09-30,165,163,328,นครนายก
2016-09-30,377,361,738,พิษณุโลก
2016-09-30,563,547,1110,ศรีสะเกษ
2016-09-30,369,301,670,สุพรรณบุรี
2016-09-30,187,194,381,พัทลุง
2016-09-30,187,197,384,สุโขทัย
2016-09-30,347,314,661,มหาสารคาม
2016-09-30,490,450,940,ราชบุรี
2016-09-30,62,52,114,สมุทรสงคราม
2016-09-30,282,206,488,จันทบุรี
2016-09-30,264,275,539,กระบี่
2016-09-30,526,510,1036,นราธิวาส
2016-09-30,155,170,325,พะเยา
2016-09-30,141,136,277,พังงา
2016-09-30,376,328,704,พระนครศรีอยุธยา
2016-09-30,214,225,439,ลำปาง
2016-09-30,199,139,338,มุกดาหาร
2016-09-30,346,316,662,สระบุรี
2016-09-30,744,700,1444,นครศรีธรรมราช
2016-09-30,79,120,199,ชัยนาท
2016-09-30,221,198,419,หนองบัวลำภู
2016-09-30,461,409,870,ร้อยเอ็ด
2016-09-30,154,161,315,อุตรดิตถ์
2016-09-30,860,767,1627,ขอนแก่น
2016-09-30,315,304,619,ลพบุรี
2016-09-30,214,215,429,เพชรบุรี
2016-09-30,528,482,1010,ปทุมธานี
2016-09-30,642,566,1208,สุราษฎร์ธานี
2016-09-30,698,641,1339,สมุทรปราการ
2016-09-30,81,86,167,ตราด
2016-09-30,275,296,571,ประจวบคีรีขันธ์
2016-09-30,233,221,454,หนองคาย
2016-09-30,758,650,1408,อุดรธานี
2016-09-30,383,383,766,ตาก
2016-09-30,162,179,341,พิจิตร
2016-09-30,360,344,704,กาญจนบุรี
2016-09-30,114,107,221,อุทัยธานี
2016-09-30,479,467,946,ยะลา
2016-09-30,279,255,534,กำแพงเพชร
2016-09-30,513,421,934,นนทบุรี
2016-09-30,885,860,1745,เชียงใหม่
2016-09-30,294,270,564,เลย
2016-09-30,4294,4000,8294,กรุงเทพมหานคร
2016-09-30,206,182,388,ยโสธร
2016-09-30,140,133,273,อำนาจเจริญ
2016-09-30,636,602,1238,บุรีรัมย์
2016-09-30,98,86,184,สิงห์บุรี
2016-09-30,125,132,257,แม่ฮ่องสอน
2016-09-30,135,124,259,แพร่
2016-09-30,392,350,742,นครปฐม
2016-09-30,107,96,203,ระนอง
2016-09-30,1512,1335,2847,ชลบุรี
2016-10-31,270,297,567,เลย
2016-10-31,104,75,179,สิงห์บุรี
2016-10-31,175,185,360,เพชรบุรี
2016-10-31,508,482,990,ปทุมธานี
2016-10-31,108,114,222,อุทัยธานี
2016-10-31,104,95,199,ระนอง
2016-10-31,1121,1075,2196,นครราชสีมา
2016-10-31,141,123,264,อุตรดิตถ์
2016-10-31,747,637,1384,สมุทรปราการ
2016-10-31,100,98,198,ตราด
2016-10-31,460,397,857,นนทบุรี
2016-10-31,157,147,304,นครนายก
2016-10-31,541,567,1108,สุราษฎร์ธานี
2016-10-31,511,496,1007,สุรินทร์
2016-10-31,813,768,1581,อุบลราชธานี
2016-10-31,202,199,401,หนองคาย
2016-10-31,200,146,346,ยโสธร
2016-10-31,798,759,1557,ขอนแก่น
2016-10-31,172,146,318,น่าน
2016-10-31,1385,1253,2638,ชลบุรี
2016-10-31,178,198,376,พิจิตร
2016-10-31,370,361,731,กาญจนบุรี
2016-10-31,196,182,378,หนองบัวลำภู
2016-10-31,392,364,756,นครปฐม
2016-10-31,307,288,595,สระบุรี
2016-10-31,246,229,475,ชุมพร
2016-10-31,713,614,1327,นครศรีธรรมราช
2016-10-31,356,315,671,สุพรรณบุรี
2016-10-31,193,184,377,พัทลุง
2016-10-31,191,184,375,สุโขทัย
2016-10-31,299,285,584,มหาสารคาม
2016-10-31,465,412,877,ราชบุรี
2016-10-31,46,44,90,สมุทรสงคราม
2016-10-31,140,113,253,อำนาจเจริญ
2016-10-31,528,476,1004,นราธิวาส
2016-10-31,258,263,521,จันทบุรี
2016-10-31,279,265,544,กระบี่
2016-10-31,141,127,268,แม่ฮ่องสอน
2016-10-31,403,370,773,ยะลา
2016-10-31,112,110,222,พังงา
2016-10-31,166,139,305,มุกดาหาร
2016-10-31,329,316,645,พระนครศรีอยุธยา
2016-10-31,213,201,414,ลำปาง
2016-10-31,172,145,317,พะเยา
2016-10-31,231,226,457,กำแพงเพชร
2016-10-31,115,116,231,ชัยนาท
2016-10-31,477,474,951,ปัตตานี
2016-10-31,434,418,852,ร้อยเอ็ด
2016-10-31,302,285,587,ลพบุรี
2016-10-31,424,414,838,ตาก
2016-10-31,364,337,701,พิษณุโลก
2016-10-31,167,162,329,สตูล
2016-10-31,360,294,654,กาฬสินธุ์
2016-10-31,643,607,1250,บุรีรัมย์
2016-10-31,277,211,488,นครพนม
2016-10-31,238,236,474,ปราจีนบุรี
2016-10-31,533,497,1030,เชียงราย
2016-10-31,686,628,1314,อุดรธานี
2016-10-31,93,99,192,อ่างทอง
2016-10-31,441,391,832,ระยอง
2016-10-31,910,879,1789,เชียงใหม่
2016-10-31,152,145,297,ลำพูน
2016-10-31,185,147,332,บึงกาฬ
2016-10-31,402,379,781,นครสวรรค์
2016-10-31,497,505,1002,ศรีสะเกษ
2016-10-31,285,268,553,ตรัง
2016-10-31,4168,3891,8059,กรุงเทพมหานคร
2016-10-31,346,339,685,ภูเก็ต
2016-10-31,596,512,1108,สมุทรสาคร
2016-10-31,122,108,230,แพร่
2016-10-31,851,792,1643,สงขลา
2016-10-31,381,330,711,ชัยภูมิ
2016-10-31,297,278,575,ประจวบคีรีขันธ์
2016-10-31,344,339,683,เพชรบูรณ์
2016-10-31,524,478,1002,สกลนคร
2016-10-31,301,338,639,ฉะเชิงเทรา
2016-10-31,255,202,457,สระแก้ว
2016-11-30,332,331,663,กาญจนบุรี
2016-11-30,204,189,393,ลำปาง
2016-11-30,204,152,356,พิจิตร
2016-11-30,406,385,791,นครปฐม
2016-11-30,314,334,648,สระบุรี
2016-11-30,173,166,339,บึงกาฬ
2016-11-30,728,642,1370,นครศรีธรรมราช
2016-11-30,824,888,1712,เชียงใหม่
2016-11-30,218,214,432,กำแพงเพชร
2016-11-30,402,381,783,นครสวรรค์
2016-11-30,387,356,743,พระนครศรีอยุธยา
2016-11-30,162,141,303,พะเยา
2016-11-30,332,305,637,ฉะเชิงเทรา
2016-11-30,4072,3845,7917,กรุงเทพมหานคร
2016-11-30,120,100,220,ชัยนาท
2016-11-30,190,153,343,สตูล
2016-11-30,301,263,564,ประจวบคีรีขันธ์
2016-11-30,428,384,812,ราชบุรี
2016-11-30,313,296,609,มหาสารคาม
2016-11-30,271,224,495,ชุมพร
2016-11-30,303,294,597,กระบี่
2016-11-30,240,253,493,นครพนม
2016-11-30,557,516,1073,นราธิวาส
2016-11-30,64,44,108,สมุทรสงคราม
2016-11-30,341,281,622,กาฬสินธุ์
2016-11-30,504,475,979,สกลนคร
2016-11-30,239,263,502,จันทบุรี
2016-11-30,192,156,348,สุโขทัย
2016-11-30,125,132,257,อำนาจเจริญ
2016-11-30,331,300,631,สุพรรณบุรี
2016-11-30,116,112,228,แพร่
2016-11-30,161,139,300,แม่ฮ่องสอน
2016-11-30,190,189,379,พัทลุง
2016-11-30,359,327,686,ภูเก็ต
2016-11-30,493,425,918,ยะลา
2016-11-30,671,613,1284,อุดรธานี
2016-11-30,140,138,278,พังงา
2016-11-30,153,169,322,มุกดาหาร
2016-11-30,1392,1237,2629,ชลบุรี
2016-11-30,111,96,207,อ่างทอง
2016-11-30,349,314,663,เพชรบูรณ์
2016-11-30,322,253,575,ลพบุรี
2016-11-30,406,464,870,นนทบุรี
2016-11-30,367,353,720,พิษณุโลก
2016-11-30,193,218,411,หนองคาย
2016-11-30,603,581,1184,บุรีรัมย์
2016-11-30,180,177,357,ยโสธร
2016-11-30,198,176,374,หนองบัวลำภู
2016-11-30,779,769,1548,ขอนแก่น
2016-11-30,570,508,1078,สุรินทร์
2016-11-30,293,310,603,ตรัง
2016-11-30,153,168,321,น่าน
2016-11-30,611,568,1179,สมุทรสาคร
2016-11-30,817,731,1548,อุบลราชธานี
2016-11-30,215,221,436,สระแก้ว
2016-11-30,1015,1040,2055,นครราชสีมา
2016-11-30,416,337,753,ชัยภูมิ
2016-11-30,244,281,525,เลย
2016-11-30,487,446,933,ปัตตานี
2016-11-30,462,366,828,ร้อยเอ็ด
2016-11-30,447,424,871,ตาก
2016-11-30,580,599,1179,สุราษฎร์ธานี
2016-11-30,672,645,1317,สมุทรปราการ
2016-11-30,838,787,1625,สงขลา
2016-11-30,154,129,283,ลำพูน
2016-11-30,78,86,164,สิงห์บุรี
2016-11-30,264,238,502,ปราจีนบุรี
2016-11-30,189,184,373,เพชรบุรี
2016-11-30,491,475,966,ปทุมธานี
2016-11-30,145,156,301,นครนายก
2016-11-30,534,461,995,เชียงราย
2016-11-30,141,103,244,อุทัยธานี
2016-11-30,137,143,280,อุตรดิตถ์
2016-11-30,83,91,174,ระนอง
2016-11-30,514,467,981,ศรีสะเกษ
2016-11-30,385,390,775,ระยอง
2016-11-30,106,90,196,ตราด
2016-12-31,352,333,685,ฉะเชิงเทรา
2016-12-31,500,496,996,เชียงราย
2016-12-31,104,85,189,อุทัยธานี
2016-12-31,374,311,685,สุพรรณบุรี
2016-12-31,515,439,954,ปทุมธานี
2016-12-31,169,176,345,พัทลุง
2016-12-31,1018,1038,2056,นครราชสีมา
2016-12-31,901,834,1735,เชียงใหม่
2016-12-31,192,198,390,พิจิตร
2016-12-31,156,97,253,ลำพูน
2016-12-31,164,169,333,บึงกาฬ
2016-12-31,492,492,984,ปัตตานี
2016-12-31,635,601,1236,สมุทรปราการ
2016-12-31,432,398,830,ร้อยเอ็ด
2016-12-31,325,321,646,เพชรบูรณ์
2016-12-31,349,337,686,ภูเก็ต
2016-12-31,96,75,171,ชัยนาท
2016-12-31,94,88,182,ตราด
2016-12-31,567,537,1104,สมุทรสาคร
2016-12-31,577,584,1161,บุรีรัมย์
2016-12-31,579,574,1153,สุราษฎร์ธานี
2016-12-31,415,344,759,ชัยภูมิ
2016-12-31,445,409,854,ยะลา
2016-12-31,346,329,675,พิษณุโลก
2016-12-31,302,330,632,กาฬสินธุ์
2016-12-31,507,486,993,สกลนคร
2016-12-31,454,385,839,นนทบุรี
2016-12-31,44,41,85,สมุทรสงคราม
2016-12-31,343,287,630,สระบุรี
2016-12-31,179,196,375,หนองบัวลำภู
2016-12-31,655,657,1312,อุดรธานี
2016-12-31,197,175,372,ลำปาง
2016-12-31,149,134,283,พะเยา
2016-12-31,281,291,572,มหาสารคาม
2016-12-31,138,143,281,แม่ฮ่องสอน
2016-12-31,564,528,1092,สุรินทร์
2016-12-31,225,231,456,ปราจีนบุรี
2016-12-31,335,365,700,นครปฐม
2016-12-31,314,248,562,ประจวบคีรีขันธ์
2016-12-31,155,167,322,น่าน
2016-12-31,437,403,840,ตาก
2016-12-31,144,127,271,แพร่
2016-12-31,136,116,252,อำนาจเจริญ
2016-12-31,520,473,993,ศรีสะเกษ
2016-12-31,3981,3685,7666,กรุงเทพมหานคร
2016-12-31,278,256,534,จันทบุรี
2016-12-31,109,100,209,ระนอง
2016-12-31,182,170,352,มุกดาหาร
2016-12-31,348,321,669,พระนครศรีอยุธยา
2016-12-31,399,399,798,ราชบุรี
2016-12-31,127,136,263,พังงา
2016-12-31,828,792,1620,อุบลราชธานี
2016-12-31,275,249,524,เลย
2016-12-31,809,703,1512,ขอนแก่น
2016-12-31,1278,1228,2506,ชลบุรี
2016-12-31,226,234,460,กำแพงเพชร
2016-12-31,180,185,365,ยโสธร
2016-12-31,204,195,399,หนองคาย
2016-12-31,294,259,553,ลพบุรี
2016-12-31,189,173,362,เพชรบุรี
2016-12-31,158,126,284,นครนายก
2016-12-31,74,78,152,สิงห์บุรี
2016-12-31,222,224,446,สระแก้ว
2016-12-31,288,279,567,กระบี่
2016-12-31,158,129,287,อุตรดิตถ์
2016-12-31,355,362,717,กาญจนบุรี
2016-12-31,228,271,499,ตรัง
2016-12-31,166,172,338,สตูล
2016-12-31,392,349,741,นครสวรรค์
2016-12-31,197,176,373,สุโขทัย
2016-12-31,214,230,444,นครพนม
2016-12-31,410,377,787,ระยอง
2016-12-31,523,529,1052,นราธิวาส
2016-12-31,677,641,1318,นครศรีธรรมราช
2016-12-31,267,202,469,ชุมพร
2016-12-31,108,106,214,อ่างทอง
2016-12-31,916,781,1697,สงขลา
2017-01-31,172,151,323,ยโสธร
2017-01-31,508,500,1008,สุรินทร์
2017-01-31,276,243,519,ประจวบคีรีขันธ์
2017-01-31,71,65,136,อ่างทอง
2017-01-31,779,711,1490,สงขลา
2017-01-31,83,77,160,ตราด
2017-01-31,847,881,1728,เชียงใหม่
2017-01-31,359,323,682,นครสวรรค์
2017-01-31,524,500,1024,สุราษฎร์ธานี
2017-01-31,503,438,941,สกลนคร
2017-01-31,85,57,142,สิงห์บุรี
2017-01-31,341,382,723,นนทบุรี
2017-01-31,281,272,553,ฉะเชิงเทรา
2017-01-31,135,131,266,นครนายก
2017-01-31,701,681,1382,ขอนแก่น
2017-01-31,181,190,371,หนองคาย
2017-01-31,153,129,282,บึงกาฬ
2017-01-31,576,561,1137,สมุทรปราการ
2017-01-31,331,279,610,กาฬสินธุ์
2017-01-31,249,241,490,นครพนม
2017-01-31,100,95,195,อุทัยธานี
2017-01-31,160,156,316,สตูล
2017-01-31,273,269,542,ตรัง
2017-01-31,524,448,972,สมุทรสาคร
2017-01-31,492,467,959,เชียงราย
2017-01-31,225,224,449,สระแก้ว
2017-01-31,3651,3549,7200,กรุงเทพมหานคร
2017-01-31,161,142,303,น่าน
2017-01-31,354,323,677,ชัยภูมิ
2017-01-31,137,137,274,พิจิตร
2017-01-31,305,262,567,เพชรบูรณ์
2017-01-31,125,125,250,ลำพูน
2017-01-31,119,117,236,แพร่
2017-01-31,120,109,229,อุตรดิตถ์
2017-01-31,520,488,1008,ตาก
2017-01-31,365,336,701,ระยอง
2017-01-31,461,403,864,ปัตตานี
2017-01-31,229,244,473,ปราจีนบุรี
2017-01-31,518,499,1017,บุรีรัมย์
2017-01-31,102,81,183,ระนอง
2017-01-31,938,921,1859,นครราชสีมา
2017-01-31,393,375,768,ราชบุรี
2017-01-31,263,254,517,เลย
2017-01-31,724,659,1383,อุบลราชธานี
2017-01-31,373,352,725,ร้อยเอ็ด
2017-01-31,442,428,870,ศรีสะเกษ
2017-01-31,606,544,1150,อุดรธานี
2017-01-31,451,414,865,ยะลา
2017-01-31,146,145,291,พะเยา
2017-01-31,123,116,239,พังงา
2017-01-31,275,291,566,พระนครศรีอยุธยา
2017-01-31,153,154,307,มุกดาหาร
2017-01-31,225,218,443,จันทบุรี
2017-01-31,46,40,86,สมุทรสงคราม
2017-01-31,173,173,346,ลำปาง
2017-01-31,1202,1171,2373,ชลบุรี
2017-01-31,605,581,1186,นครศรีธรรมราช
2017-01-31,260,247,507,สระบุรี
2017-01-31,346,305,651,ภูเก็ต
2017-01-31,375,347,722,กาญจนบุรี
2017-01-31,262,226,488,มหาสารคาม
2017-01-31,212,194,406,ชุมพร
2017-01-31,290,244,534,กระบี่
2017-01-31,306,299,605,สุพรรณบุรี
2017-01-31,135,147,282,สุโขทัย
2017-01-31,181,167,348,พัทลุง
2017-01-31,504,487,991,นราธิวาส
2017-01-31,342,333,675,นครปฐม
2017-01-31,132,132,264,อำนาจเจริญ
2017-01-31,89,77,166,ชัยนาท
2017-01-31,334,305,639,พิษณุโลก
2017-01-31,155,164,319,เพชรบุรี
2017-01-31,248,240,488,ลพบุรี
2017-01-31,189,178,367,กำแพงเพชร
2017-01-31,176,147,323,หนองบัวลำภู
2017-01-31,447,407,854,ปทุมธานี
2017-01-31,153,156,309,แม่ฮ่องสอน
2017-02-28,121,115,236,ลำพูน
2017-02-28,221,171,392,ปราจีนบุรี
2017-02-28,3269,3102,6371,กรุงเทพมหานคร
2017-02-28,328,276,604,ระยอง
2017-02-28,154,133,287,เพชรบุรี
2017-02-28,297,257,554,ชัยภูมิ
2017-02-28,348,308,656,นนทบุรี
2017-02-28,188,172,360,ชุมพร
2017-02-28,211,211,422,ตรัง
2017-02-28,129,112,241,พิจิตร
2017-02-28,379,348,727,สมุทรสาคร
2017-02-28,1063,943,2006,ชลบุรี
2017-02-28,130,108,238,นครนายก
2017-02-28,125,142,267,ยโสธร
2017-02-28,165,144,309,ลำปาง
2017-02-28,223,200,423,มหาสารคาม
2017-02-28,64,81,145,ตราด
2017-02-28,117,155,272,น่าน
2017-02-28,397,365,762,ปทุมธานี
2017-02-28,365,377,742,ศรีสะเกษ
2017-02-28,274,279,553,นครปฐม
2017-02-28,247,242,489,ฉะเชิงเทรา
2017-02-28,140,145,285,บึงกาฬ
2017-02-28,189,201,390,นครพนม
2017-02-28,114,92,206,อุตรดิตถ์
2017-02-28,452,393,845,นราธิวาส
2017-02-28,243,202,445,ประจวบคีรีขันธ์
2017-02-28,290,275,565,นครสวรรค์
2017-02-28,63,69,132,อ่างทอง
2017-02-28,103,132,235,สุโขทัย
2017-02-28,155,119,274,หนองบัวลำภู
2017-02-28,152,164,316,พัทลุง
2017-02-28,269,267,536,กาญจนบุรี
2017-02-28,121,112,233,แม่ฮ่องสอน
2017-02-28,92,80,172,ระนอง
2017-02-28,408,383,791,เชียงราย
2017-02-28,252,223,475,สุพรรณบุรี
2017-02-28,89,77,166,อุทัยธานี
2017-02-28,235,235,470,กระบี่
2017-02-28,540,537,1077,นครศรีธรรมราช
2017-02-28,332,289,621,ตาก
2017-02-28,280,256,536,เพชรบูรณ์
2017-02-28,122,148,270,มุกดาหาร
2017-02-28,370,269,639,ราชบุรี
2017-02-28,169,154,323,หนองคาย
2017-02-28,105,112,217,อำนาจเจริญ
2017-02-28,253,281,534,พิษณุโลก
2017-02-28,75,53,128,ชัยนาท
2017-02-28,200,226,426,เลย
2017-02-28,247,235,482,สระบุรี
2017-02-28,472,369,841,สุรินทร์
2017-02-28,269,239,508,พระนครศรีอยุธยา
2017-02-28,525,475,1000,สุราษฎร์ธานี
2017-02-28,314,233,547,ภูเก็ต
2017-02-28,397,369,766,ยะลา
2017-02-28,187,174,361,กำแพงเพชร
2017-02-28,191,194,385,ลพบุรี
2017-02-28,603,558,1161,ขอนแก่น
2017-02-28,670,587,1257,อุบลราชธานี
2017-02-28,113,82,195,พังงา
2017-02-28,768,696,1464,เชียงใหม่
2017-02-28,141,116,257,พะเยา
2017-02-28,240,223,463,กาฬสินธุ์
2017-02-28,37,30,67,สมุทรสงคราม
2017-02-28,86,77,163,แพร่
2017-02-28,327,296,623,ร้อยเอ็ด
2017-02-28,494,490,984,สมุทรปราการ
2017-02-28,399,370,769,สกลนคร
2017-02-28,695,662,1357,สงขลา
2017-02-28,447,419,866,บุรีรัมย์
2017-02-28,136,154,290,สตูล
2017-02-28,493,447,940,อุดรธานี
2017-02-28,788,748,1536,นครราชสีมา
2017-02-28,186,191,377,จันทบุรี
2017-02-28,446,393,839,ปัตตานี
2017-02-28,51,58,109,สิงห์บุรี
2017-02-28,183,164,347,สระแก้ว
2017-03-31,839,857,1696,เชียงใหม่
2017-03-31,314,328,642,นครปฐม
2017-03-31,134,125,259,แม่ฮ่องสอน
2017-03-31,129,124,253,อำนาจเจริญ
2017-03-31,313,308,621,ฉะเชิงเทรา
2017-03-31,278,244,522,ประจวบคีรีขันธ์
2017-03-31,418,443,861,เชียงราย
2017-03-31,94,86,180,อุทัยธานี
2017-03-31,279,289,568,กาฬสินธุ์
2017-03-31,264,229,493,เลย
2017-03-31,3994,3674,7668,กรุงเทพมหานคร
2017-03-31,427,444,871,ยะลา
2017-03-31,521,548,1069,บุรีรัมย์
2017-03-31,231,214,445,กำแพงเพชร
2017-03-31,142,104,246,แพร่
2017-03-31,1331,1213,2544,ชลบุรี
2017-03-31,167,172,339,พิจิตร
2017-03-31,620,555,1175,อุดรธานี
2017-03-31,338,334,672,กาญจนบุรี
2017-03-31,159,137,296,ยโสธร
2017-03-31,1023,953,1976,นครราชสีมา
2017-03-31,338,327,665,พิษณุโลก
2017-03-31,766,694,1460,อุบลราชธานี
2017-03-31,600,619,1219,สุราษฎร์ธานี
2017-03-31,354,314,668,ภูเก็ต
2017-03-31,480,478,958,สุรินทร์
2017-03-31,546,501,1047,นราธิวาส
2017-03-31,150,203,353,หนองบัวลำภู
2017-03-31,465,410,875,สกลนคร
2017-03-31,190,170,360,ลำปาง
2017-03-31,660,638,1298,นครศรีธรรมราช
2017-03-31,165,168,333,สตูล
2017-03-31,665,589,1254,สมุทรปราการ
2017-03-31,179,154,333,หนองคาย
2017-03-31,144,169,313,นครนายก
2017-03-31,87,83,170,ตราด
2017-03-31,49,41,90,สมุทรสงคราม
2017-03-31,132,126,258,อุตรดิตถ์
2017-03-31,790,787,1577,สงขลา
2017-03-31,283,235,518,จันทบุรี
2017-03-31,137,140,277,มุกดาหาร
2017-03-31,185,179,364,เพชรบุรี
2017-03-31,512,461,973,ปทุมธานี
2017-03-31,316,325,641,พระนครศรีอยุธยา
2017-03-31,249,247,496,ลพบุรี
2017-03-31,316,288,604,สระบุรี
2017-03-31,152,135,287,พะเยา
2017-03-31,71,63,134,สิงห์บุรี
2017-03-31,420,400,820,ราชบุรี
2017-03-31,101,110,211,ชัยนาท
2017-03-31,251,212,463,ปราจีนบุรี
2017-03-31,216,216,432,นครพนม
2017-03-31,149,141,290,บึงกาฬ
2017-03-31,452,376,828,นนทบุรี
2017-03-31,356,335,691,นครสวรรค์
2017-03-31,292,256,548,กระบี่
2017-03-31,104,71,175,อ่างทอง
2017-03-31,93,101,194,ระนอง
2017-03-31,456,454,910,ศรีสะเกษ
2017-03-31,349,341,690,ชัยภูมิ
2017-03-31,141,130,271,น่าน
2017-03-31,186,155,341,สุโขทัย
2017-03-31,134,110,244,ลำพูน
2017-03-31,230,222,452,ชุมพร
2017-03-31,134,117,251,พังงา
2017-03-31,268,285,553,ตรัง
2017-03-31,516,535,1051,สมุทรสาคร
2017-03-31,199,194,393,พัทลุง
2017-03-31,763,678,1441,ขอนแก่น
2017-03-31,316,293,609,เพชรบูรณ์
2017-03-31,301,285,586,มหาสารคาม
2017-03-31,380,356,736,ร้อยเอ็ด
2017-03-31,327,332,659,สุพรรณบุรี
2017-03-31,495,487,982,ปัตตานี
2017-03-31,398,343,741,ตาก
2017-03-31,250,254,504,สระแก้ว
2017-03-31,390,371,761,ระยอง
2017-04-30,535,545,1080,นราธิวาส
2017-04-30,137,121,258,มุกดาหาร
2017-04-30,313,293,606,สุพรรณบุรี
2017-04-30,192,198,390,นครพนม
2017-04-30,747,562,1309,นครศรีธรรมราช
2017-04-30,406,372,778,เชียงราย
2017-04-30,97,79,176,ระนอง
2017-04-30,3653,3414,7067,กรุงเทพมหานคร
2017-04-30,179,202,381,ปราจีนบุรี
2017-04-30,296,284,580,เพชรบูรณ์
2017-04-30,931,907,1838,นครราชสีมา
2017-04-30,255,194,449,สระแก้ว
2017-04-30,84,71,155,สิงห์บุรี
2017-04-30,406,325,731,ราชบุรี
2017-04-30,414,432,846,สกลนคร
2017-04-30,571,573,1144,สมุทรปราการ
2017-04-30,157,135,292,นครนายก
2017-04-30,735,730,1465,เชียงใหม่
2017-04-30,278,286,564,กาฬสินธุ์
2017-04-30,303,300,603,สระบุรี
2017-04-30,801,744,1545,สงขลา
2017-04-30,157,170,327,หนองบัวลำภู
2017-04-30,569,533,1102,สุราษฎร์ธานี
2017-04-30,330,296,626,กาญจนบุรี
2017-04-30,530,440,970,สมุทรสาคร
2017-04-30,314,341,655,ตาก
2017-04-30,696,676,1372,อุบลราชธานี
2017-04-30,179,178,357,หนองคาย
2017-04-30,357,369,726,ชัยภูมิ
2017-04-30,118,124,242,ลำพูน
2017-04-30,118,102,220,อุตรดิตถ์
2017-04-30,162,160,322,เพชรบุรี
2017-04-30,114,88,202,พังงา
2017-04-30,264,256,520,ลพบุรี
2017-04-30,393,323,716,ร้อยเอ็ด
2017-04-30,308,284,592,พระนครศรีอยุธยา
2017-04-30,204,206,410,ชุมพร
2017-04-30,240,223,463,จันทบุรี
2017-04-30,502,440,942,ปัตตานี
2017-04-30,645,622,1267,ขอนแก่น
2017-04-30,167,160,327,สุโขทัย
2017-04-30,1192,1105,2297,ชลบุรี
2017-04-30,484,439,923,ศรีสะเกษ
2017-04-30,300,242,542,กระบี่
2017-04-30,461,401,862,สุรินทร์
2017-04-30,170,183,353,พัทลุง
2017-04-30,308,335,643,นครปฐม
2017-04-30,274,269,543,มหาสารคาม
2017-04-30,319,319,638,พิษณุโลก
2017-04-30,320,329,649,ภูเก็ต
2017-04-30,545,569,1114,อุดรธานี
2017-04-30,206,164,370,ลำปาง
2017-04-30,91,81,172,ตราด
2017-04-30,47,33,80,สมุทรสงคราม
2017-04-30,139,123,262,พะเยา
2017-04-30,83,84,167,ชัยนาท
2017-04-30,388,377,765,นนทบุรี
2017-04-30,488,443,931,ปทุมธานี
2017-04-30,162,144,306,บึงกาฬ
2017-04-30,147,143,290,ยโสธร
2017-04-30,86,87,173,อ่างทอง
2017-04-30,243,216,459,เลย
2017-04-30,141,130,271,น่าน
2017-04-30,118,101,219,แม่ฮ่องสอน
2017-04-30,170,160,330,พิจิตร
2017-04-30,402,323,725,นครสวรรค์
2017-04-30,434,447,881,ยะลา
2017-04-30,369,348,717,ระยอง
2017-04-30,113,113,226,อำนาจเจริญ
2017-04-30,200,193,393,กำแพงเพชร
2017-04-30,105,109,214,อุทัยธานี
2017-04-30,108,87,195,แพร่
2017-04-30,173,160,333,สตูล
2017-04-30,282,247,529,ตรัง
2017-04-30,263,248,511,ประจวบคีรีขันธ์
2017-04-30,277,257,534,ฉะเชิงเทรา
2017-04-30,531,530,1061,บุรีรัมย์
2017-05-31,121,117,238,แพร่
2017-05-31,271,241,512,เลย
2017-05-31,325,305,630,กระบี่
2017-05-31,125,132,257,อำนาจเจริญ
2017-05-31,198,191,389,พัทลุง
2017-05-31,713,724,1437,ขอนแก่น
2017-05-31,174,147,321,ลำปาง
2017-05-31,346,292,638,สุพรรณบุรี
2017-05-31,537,455,992,ศรีสะเกษ
2017-05-31,176,184,360,ยโสธร
2017-05-31,235,218,453,กำแพงเพชร
2017-05-31,47,38,85,สมุทรสงคราม
2017-05-31,205,179,384,สตูล
2017-05-31,86,69,155,สิงห์บุรี
2017-05-31,372,337,709,ภูเก็ต
2017-05-31,729,683,1412,นครศรีธรรมราช
2017-05-31,302,258,560,มหาสารคาม
2017-05-31,189,160,349,สุโขทัย
2017-05-31,479,469,948,สกลนคร
2017-05-31,284,252,536,ประจวบคีรีขันธ์
2017-05-31,316,288,604,ตรัง
2017-05-31,502,507,1009,ตาก
2017-05-31,250,228,478,สระแก้ว
2017-05-31,470,383,853,ราชบุรี
2017-05-31,759,753,1512,อุบลราชธานี
2017-05-31,431,361,792,ระยอง
2017-05-31,157,157,314,นครนายก
2017-05-31,190,175,365,หนองคาย
2017-05-31,133,152,285,อุตรดิตถ์
2017-05-31,565,485,1050,ปทุมธานี
2017-05-31,128,115,243,ระนอง
2017-05-31,150,142,292,น่าน
2017-05-31,183,186,369,เพชรบุรี
2017-05-31,136,111,247,พังงา
2017-05-31,95,104,199,อ่างทอง
2017-05-31,377,358,735,พระนครศรีอยุธยา
2017-05-31,375,353,728,นครสวรรค์
2017-05-31,239,193,432,นครพนม
2017-05-31,278,275,553,ลพบุรี
2017-05-31,235,256,491,ชุมพร
2017-05-31,3982,3711,7693,กรุงเทพมหานคร
2017-05-31,142,151,293,มุกดาหาร
2017-05-31,607,518,1125,นราธิวาส
2017-05-31,262,270,532,จันทบุรี
2017-05-31,914,866,1780,สงขลา
2017-05-31,345,359,704,นครปฐม
2017-05-31,1350,1290,2640,ชลบุรี
2017-05-31,387,337,724,ชัยภูมิ
2017-05-31,498,504,1002,สุรินทร์
2017-05-31,153,174,327,หนองบัวลำภู
2017-05-31,582,581,1163,บุรีรัมย์
2017-05-31,648,587,1235,สุราษฎร์ธานี
2017-05-31,234,236,470,ปราจีนบุรี
2017-05-31,124,89,213,ชัยนาท
2017-05-31,521,527,1048,ปัตตานี
2017-05-31,368,357,725,กาญจนบุรี
2017-05-31,142,152,294,บึงกาฬ
2017-05-31,179,148,327,พิจิตร
2017-05-31,1081,1034,2115,นครราชสีมา
2017-05-31,506,450,956,เชียงราย
2017-05-31,115,109,224,อุทัยธานี
2017-05-31,422,416,838,นนทบุรี
2017-05-31,280,304,584,เพชรบูรณ์
2017-05-31,407,380,787,ร้อยเอ็ด
2017-05-31,606,488,1094,สมุทรสาคร
2017-05-31,154,142,296,พะเยา
2017-05-31,294,296,590,ฉะเชิงเทรา
2017-05-31,895,822,1717,เชียงใหม่
2017-05-31,115,120,235,ลำพูน
2017-05-31,640,597,1237,อุดรธานี
2017-05-31,309,290,599,สระบุรี
2017-05-31,83,88,171,ตราด
2017-05-31,134,136,270,แม่ฮ่องสอน
2017-05-31,668,612,1280,สมุทรปราการ
2017-05-31,328,308,636,กาฬสินธุ์
2017-05-31,494,454,948,ยะลา
2017-05-31,334,318,652,พิษณุโลก
2017-06-30,368,349,717,ชัยภูมิ
2017-06-30,138,112,250,อุตรดิตถ์
2017-06-30,477,452,929,ตาก
2017-06-30,163,154,317,หนองบัวลำภู
2017-06-30,187,151,338,หนองคาย
2017-06-30,458,460,918,ยะลา
2017-06-30,334,322,656,นครปฐม
2017-06-30,360,379,739,กาญจนบุรี
2017-06-30,221,210,431,สระแก้ว
2017-06-30,412,358,770,ราชบุรี
2017-06-30,202,175,377,สตูล
2017-06-30,713,633,1346,อุบลราชธานี
2017-06-30,109,92,201,อุทัยธานี
2017-06-30,158,138,296,นครนายก
2017-06-30,278,281,559,ตรัง
2017-06-30,1301,1162,2463,ชลบุรี
2017-06-30,420,404,824,นนทบุรี
2017-06-30,296,269,565,ประจวบคีรีขันธ์
2017-06-30,402,351,753,ระยอง
2017-06-30,152,148,300,บึงกาฬ
2017-06-30,249,214,463,เลย
2017-06-30,792,763,1555,เชียงใหม่
2017-06-30,302,276,578,กาฬสินธุ์
2017-06-30,3661,3574,7235,กรุงเทพมหานคร
2017-06-30,231,216,447,นครพนม
2017-06-30,586,497,1083,บุรีรัมย์
2017-06-30,128,102,230,อำนาจเจริญ
2017-06-30,139,112,251,แม่ฮ่องสอน
2017-06-30,140,147,287,ยโสธร
2017-06-30,85,77,162,อ่างทอง
2017-06-30,160,160,320,พิจิตร
2017-06-30,228,194,422,กำแพงเพชร
2017-06-30,128,116,244,น่าน
2017-06-30,721,636,1357,ขอนแก่น
2017-06-30,352,294,646,ฉะเชิงเทรา
2017-06-30,96,103,199,แพร่
2017-06-30,479,437,916,เชียงราย
2017-06-30,342,297,639,นครสวรรค์
2017-06-30,129,97,226,พะเยา
2017-06-30,182,170,352,พัทลุง
2017-06-30,57,63,120,สิงห์บุรี
2017-06-30,254,223,477,ชุมพร
2017-06-30,149,172,321,ลำปาง
2017-06-30,336,285,621,พิษณุโลก
2017-06-30,1016,914,1930,นครราชสีมา
2017-06-30,149,141,290,มุกดาหาร
2017-06-30,267,250,517,มหาสารคาม
2017-06-30,155,166,321,สุโขทัย
2017-06-30,467,421,888,สกลนคร
2017-06-30,548,501,1049,ปัตตานี
2017-06-30,561,541,1102,นราธิวาส
2017-06-30,89,89,178,ชัยนาท
2017-06-30,259,240,499,จันทบุรี
2017-06-30,293,289,582,สุพรรณบุรี
2017-06-30,182,163,345,เพชรบุรี
2017-06-30,290,284,574,กระบี่
2017-06-30,540,517,1057,สุราษฎร์ธานี
2017-06-30,460,410,870,ศรีสะเกษ
2017-06-30,300,273,573,เพชรบูรณ์
2017-06-30,641,612,1253,นครศรีธรรมราช
2017-06-30,238,188,426,ปราจีนบุรี
2017-06-30,117,96,213,ระนอง
2017-06-30,573,510,1083,สมุทรสาคร
2017-06-30,118,110,228,ลำพูน
2017-06-30,458,456,914,สุรินทร์
2017-06-30,136,137,273,พังงา
2017-06-30,248,292,540,ลพบุรี
2017-06-30,517,457,974,ปทุมธานี
2017-06-30,323,312,635,สระบุรี
2017-06-30,336,315,651,ภูเก็ต
2017-06-30,614,529,1143,อุดรธานี
2017-06-30,48,43,91,สมุทรสงคราม
2017-06-30,377,371,748,ร้อยเอ็ด
2017-06-30,90,88,178,ตราด
2017-06-30,334,295,629,พระนครศรีอยุธยา
2017-06-30,879,847,1726,สงขลา
2017-06-30,623,595,1218,สมุทรปราการ
2017-07-31,105,89,194,แพร่
2017-07-31,263,210,473,เลย
2017-07-31,179,176,355,ลำปาง
2017-07-31,293,248,541,กาฬสินธุ์
2017-07-31,307,254,561,มหาสารคาม
2017-07-31,133,137,270,แม่ฮ่องสอน
2017-07-31,150,148,298,ยโสธร
2017-07-31,205,144,349,กำแพงเพชร
2017-07-31,568,626,1194,อุดรธานี
2017-07-31,121,130,251,พะเยา
2017-07-31,790,731,1521,เชียงใหม่
2017-07-31,152,151,303,บึงกาฬ
2017-07-31,134,111,245,อุตรดิตถ์
2017-07-31,491,452,943,สุรินทร์
2017-07-31,182,184,366,หนองคาย
2017-07-31,340,306,646,ชัยภูมิ
2017-07-31,80,98,178,อุทัยธานี
2017-07-31,121,130,251,ลำพูน
2017-07-31,746,663,1409,อุบลราชธานี
2017-07-31,507,433,940,ตาก
2017-07-31,386,359,745,ร้อยเอ็ด
2017-07-31,413,382,795,ราชบุรี
2017-07-31,193,181,374,หนองบัวลำภู
2017-07-31,504,465,969,เชียงราย
2017-07-31,315,317,632,พิษณุโลก
2017-07-31,306,284,590,เพชรบูรณ์
2017-07-31,152,128,280,มุกดาหาร
2017-07-31,423,413,836,สกลนคร
2017-07-31,703,592,1295,ขอนแก่น
2017-07-31,148,131,279,น่าน
2017-07-31,171,168,339,พิจิตร
2017-07-31,399,321,720,นครสวรรค์
2017-07-31,118,133,251,อำนาจเจริญ
2017-07-31,156,119,275,สุโขทัย
2017-07-31,451,413,864,ศรีสะเกษ
2017-07-31,241,198,439,นครพนม
2017-07-31,961,934,1895,นครราชสีมา
2017-07-31,547,529,1076,บุรีรัมย์
2017-07-31,211,209,420,สระแก้ว
2017-07-31,398,371,769,ระยอง
2017-07-31,64,48,112,สมุทรสงคราม
2017-07-31,104,76,180,ตราด
2017-07-31,450,388,838,นนทบุรี
2017-07-31,456,384,840,ยะลา
2017-07-31,125,129,254,พังงา
2017-07-31,566,517,1083,สุราษฎร์ธานี
2017-07-31,559,552,1111,สมุทรสาคร
2017-07-31,354,318,672,ภูเก็ต
2017-07-31,314,311,625,สระบุรี
2017-07-31,1262,1198,2460,ชลบุรี
2017-07-31,266,277,543,กระบี่
2017-07-31,118,71,189,ระนอง
2017-07-31,652,639,1291,นครศรีธรรมราช
2017-07-31,279,272,551,ประจวบคีรีขันธ์
2017-07-31,147,201,348,พัทลุง
2017-07-31,342,268,610,พระนครศรีอยุธยา
2017-07-31,365,269,634,สุพรรณบุรี
2017-07-31,145,147,292,นครนายก
2017-07-31,192,180,372,เพชรบุรี
2017-07-31,267,241,508,จันทบุรี
2017-07-31,365,325,690,กาญจนบุรี
2017-07-31,632,595,1227,สมุทรปราการ
2017-07-31,177,153,330,สตูล
2017-07-31,273,231,504,ลพบุรี
2017-07-31,513,521,1034,นราธิวาส
2017-07-31,805,764,1569,สงขลา
2017-07-31,74,56,130,สิงห์บุรี
2017-07-31,304,322,626,ฉะเชิงเทรา
2017-07-31,3832,3537,7369,กรุงเทพมหานคร
2017-07-31,271,242,513,ตรัง
2017-07-31,214,223,437,ปราจีนบุรี
2017-07-31,240,198,438,ชุมพร
2017-07-31,382,318,700,นครปฐม
2017-07-31,468,419,887,ปัตตานี
2017-07-31,76,94,170,อ่างทอง
2017-07-31,99,98,197,ชัยนาท
2017-07-31,482,441,923,ปทุมธานี
2017-08-31,379,357,736,พระนครศรีอยุธยา
2017-08-31,509,521,1030,ปัตตานี
2017-08-31,504,523,1027,สุรินทร์
2017-08-31,357,372,729,ชัยภูมิ
2017-08-31,231,194,425,พัทลุง
2017-08-31,371,308,679,สุพรรณบุรี
2017-08-31,162,107,269,ลำพูน
2017-08-31,191,169,360,ยโสธร
2017-08-31,757,752,1509,ขอนแก่น
2017-08-31,196,184,380,เพชรบุรี
2017-08-31,760,660,1420,นครศรีธรรมราช
2017-08-31,278,256,534,แม่ฮ่องสอน
2017-08-31,428,397,825,ราชบุรี
2017-08-31,290,259,549,จันทบุรี
2017-08-31,156,136,292,อุตรดิตถ์
2017-08-31,755,683,1438,สมุทรปราการ
2017-08-31,444,364,808,ระยอง
2017-08-31,590,635,1225,บุรีรัมย์
2017-08-31,309,267,576,ประจวบคีรีขันธ์
2017-08-31,426,392,818,ร้อยเอ็ด
2017-08-31,574,553,1127,นราธิวาส
2017-08-31,164,154,318,นครนายก
2017-08-31,548,553,1101,ปทุมธานี
2017-08-31,158,134,292,พะเยา
2017-08-31,112,112,224,ระนอง
2017-08-31,91,77,168,สิงห์บุรี
2017-08-31,970,830,1800,สงขลา
2017-08-31,86,96,182,ชัยนาท
2017-08-31,176,168,344,พิจิตร
2017-08-31,655,655,1310,อุดรธานี
2017-08-31,447,425,872,นนทบุรี
2017-08-31,179,147,326,น่าน
2017-08-31,325,286,611,เพชรบูรณ์
2017-08-31,518,470,988,ยะลา
2017-08-31,255,259,514,ชุมพร
2017-08-31,357,289,646,กาฬสินธุ์
2017-08-31,253,217,470,กำแพงเพชร
2017-08-31,672,689,1361,ตาก
2017-08-31,346,339,685,ฉะเชิงเทรา
2017-08-31,195,189,384,ลำปาง
2017-08-31,643,559,1202,สมุทรสาคร
2017-08-31,1084,973,2057,นครราชสีมา
2017-08-31,267,265,532,ปราจีนบุรี
2017-08-31,1466,1348,2814,ชลบุรี
2017-08-31,391,373,764,นครปฐม
2017-08-31,277,254,531,กระบี่
2017-08-31,778,767,1545,อุบลราชธานี
2017-08-31,197,210,407,หนองบัวลำภู
2017-08-31,315,295,610,มหาสารคาม
2017-08-31,936,865,1801,เชียงใหม่
2017-08-31,557,517,1074,เชียงราย
2017-08-31,476,469,945,สกลนคร
2017-08-31,163,170,333,สุโขทัย
2017-08-31,429,366,795,กาญจนบุรี
2017-08-31,208,196,404,หนองคาย
2017-08-31,334,344,678,ภูเก็ต
2017-08-31,351,310,661,ตรัง
2017-08-31,336,358,694,นครสวรรค์
2017-08-31,367,341,708,พิษณุโลก
2017-08-31,100,106,206,อ่างทอง
2017-08-31,117,96,213,แพร่
2017-08-31,206,159,365,สตูล
2017-08-31,510,500,1010,ศรีสะเกษ
2017-08-31,171,162,333,มุกดาหาร
2017-08-31,222,228,450,สระแก้ว
2017-08-31,281,236,517,นครพนม
2017-08-31,118,118,236,อุทัยธานี
2017-08-31,4189,4012,8201,กรุงเทพมหานคร
2017-08-31,148,150,298,บึงกาฬ
2017-08-31,296,259,555,เลย
2017-08-31,90,101,191,ตราด
2017-08-31,627,614,1241,สุราษฎร์ธานี
2017-08-31,46,46,92,สมุทรสงคราม
2017-08-31,134,117,251,อำนาจเจริญ
2017-08-31,113,117,230,พังงา
2017-08-31,361,340,701,สระบุรี
2017-08-31,283,286,569,ลพบุรี
2017-09-30,220,166,386,หนองบัวลำภู
2017-09-30,389,375,764,นครสวรรค์
2017-09-30,266,229,495,สระแก้ว
2017-09-30,313,308,621,มหาสารคาม
2017-09-30,266,277,543,ปราจีนบุรี
2017-09-30,932,871,1803,เชียงใหม่
2017-09-30,146,123,269,อำนาจเจริญ
2017-09-30,274,273,547,กระบี่
2017-09-30,423,372,795,นครปฐม
2017-09-30,201,168,369,ลำปาง
2017-09-30,172,180,352,พัทลุง
2017-09-30,332,318,650,สระบุรี
2017-09-30,376,355,731,พิษณุโลก
2017-09-30,184,147,331,พะเยา
2017-09-30,542,528,1070,ศรีสะเกษ
2017-09-30,1170,1033,2203,นครราชสีมา
2017-09-30,87,108,195,ตราด
2017-09-30,854,787,1641,สงขลา
2017-09-30,542,411,953,นนทบุรี
2017-09-30,128,136,264,พังงา
2017-09-30,466,428,894,ยะลา
2017-09-30,4319,4045,8364,กรุงเทพมหานคร
2017-09-30,685,671,1356,อุดรธานี
2017-09-30,571,510,1081,เชียงราย
2017-09-30,368,344,712,กาฬสินธุ์
2017-09-30,77,79,156,สิงห์บุรี
2017-09-30,262,225,487,กำแพงเพชร
2017-09-30,339,325,664,ฉะเชิงเทรา
2017-09-30,119,89,208,ชัยนาท
2017-09-30,279,222,501,นครพนม
2017-09-30,59,51,110,สมุทรสงคราม
2017-09-30,365,311,676,ภูเก็ต
2017-09-30,655,580,1235,สมุทรสาคร
2017-09-30,342,345,687,เพชรบูรณ์
2017-09-30,513,543,1056,ตาก
2017-09-30,250,267,517,ชุมพร
2017-09-30,891,804,1695,อุบลราชธานี
2017-09-30,1504,1307,2811,ชลบุรี
2017-09-30,205,164,369,พิจิตร
2017-09-30,117,114,231,ระนอง
2017-09-30,189,166,355,ยโสธร
2017-09-30,318,288,606,ลพบุรี
2017-09-30,576,571,1147,สุรินทร์
2017-09-30,98,88,186,อ่างทอง
2017-09-30,281,301,582,ตรัง
2017-09-30,365,388,753,สุพรรณบุรี
2017-09-30,178,178,356,สตูล
2017-09-30,851,781,1632,ขอนแก่น
2017-09-30,183,166,349,มุกดาหาร
2017-09-30,184,169,353,นครนายก
2017-09-30,148,133,281,อุตรดิตถ์
2017-09-30,120,117,237,อุทัยธานี
2017-09-30,177,152,329,น่าน
2017-09-30,211,226,437,หนองคาย
2017-09-30,731,652,1383,สมุทรปราการ
2017-09-30,283,289,572,ประจวบคีรีขันธ์
2017-09-30,513,482,995,นราธิวาส
2017-09-30,420,370,790,ระยอง
2017-09-30,225,204,429,เพชรบุรี
2017-09-30,562,491,1053,สกลนคร
2017-09-30,189,195,384,สุโขทัย
2017-09-30,405,410,815,กาญจนบุรี
2017-09-30,710,632,1342,นครศรีธรรมราช
2017-09-30,423,421,844,ร้อยเอ็ด
2017-09-30,213,210,423,แม่ฮ่องสอน
2017-09-30,289,278,567,เลย
2017-09-30,190,165,355,บึงกาฬ
2017-09-30,553,589,1142,สุราษฎร์ธานี
2017-09-30,651,573,1224,บุรีรัมย์
2017-09-30,563,533,1096,ปทุมธานี
2017-09-30,297,307,604,จันทบุรี
2017-09-30,489,436,925,ปัตตานี
2017-09-30,371,340,711,พระนครศรีอยุธยา
2017-09-30,126,101,227,แพร่
2017-09-30,157,150,307,ลำพูน
2017-09-30,377,369,746,ชัยภูมิ
2017-09-30,491,423,914,ราชบุรี
2017-10-31,94,85,179,สิงห์บุรี
2017-10-31,138,147,285,อำนาจเจริญ
2017-10-31,611,550,1161,เชียงราย
2017-10-31,4339,3991,8330,กรุงเทพมหานคร
2017-10-31,518,484,1002,ปัตตานี
2017-10-31,427,395,822,ร้อยเอ็ด
2017-10-31,395,380,775,กาญจนบุรี
2017-10-31,121,114,235,ชัยนาท
2017-10-31,66,78,144,สมุทรสงคราม
2017-10-31,264,266,530,นครพนม
2017-10-31,154,138,292,น่าน
2017-10-31,570,501,1071,ปทุมธานี
2017-10-31,683,646,1329,ตาก
2017-10-31,438,407,845,นครปฐม
2017-10-31,103,103,206,อ่างทอง
2017-10-31,131,133,264,แพร่
2017-10-31,185,168,353,ยโสธร
2017-10-31,410,398,808,นครสวรรค์
2017-10-31,138,148,286,ลำพูน
2017-10-31,301,285,586,ตรัง
2017-10-31,267,263,530,ปราจีนบุรี
2017-10-31,265,270,535,ชุมพร
2017-10-31,822,683,1505,ขอนแก่น
2017-10-31,446,423,869,ระยอง
2017-10-31,362,327,689,เพชรบูรณ์
2017-10-31,216,208,424,ลำปาง
2017-10-31,665,584,1249,บุรีรัมย์
2017-10-31,304,275,579,ประจวบคีรีขันธ์
2017-10-31,860,842,1702,สงขลา
2017-10-31,203,181,384,สุโขทัย
2017-10-31,134,108,242,ระนอง
2017-10-31,150,168,318,พะเยา
2017-10-31,1016,927,1943,เชียงใหม่
2017-10-31,248,260,508,สระแก้ว
2017-10-31,182,195,377,พัทลุง
2017-10-31,364,349,713,พิษณุโลก
2017-10-31,276,283,559,เลย
2017-10-31,402,392,794,ชัยภูมิ
2017-10-31,657,626,1283,สุราษฎร์ธานี
2017-10-31,732,727,1459,สมุทรปราการ
2017-10-31,329,367,696,พระนครศรีอยุธยา
2017-10-31,209,179,388,เพชรบุรี
2017-10-31,184,156,340,สตูล
2017-10-31,337,301,638,มหาสารคาม
2017-10-31,561,498,1059,สุรินทร์
2017-10-31,574,563,1137,นราธิวาส
2017-10-31,179,142,321,นครนายก
2017-10-31,180,167,347,มุกดาหาร
2017-10-31,228,203,431,หนองคาย
2017-10-31,479,421,900,ราชบุรี
2017-10-31,281,286,567,จันทบุรี
2017-10-31,199,153,352,แม่ฮ่องสอน
2017-10-31,138,146,284,อุตรดิตถ์
2017-10-31,127,119,246,อุทัยธานี
2017-10-31,512,511,1023,สกลนคร
2017-10-31,310,280,590,ลพบุรี
2017-10-31,177,179,356,บึงกาฬ
2017-10-31,353,396,749,สุพรรณบุรี
2017-10-31,294,266,560,กระบี่
2017-10-31,794,740,1534,นครศรีธรรมราช
2017-10-31,232,201,433,กำแพงเพชร
2017-10-31,643,663,1306,สมุทรสาคร
2017-10-31,329,300,629,กาฬสินธุ์
2017-10-31,1494,1446,2940,ชลบุรี
2017-10-31,703,657,1360,อุดรธานี
2017-10-31,381,386,767,ภูเก็ต
2017-10-31,469,397,866,ยะลา
2017-10-31,142,128,270,พังงา
2017-10-31,114,92,206,ตราด
2017-10-31,502,510,1012,ศรีสะเกษ
2017-10-31,352,349,701,ฉะเชิงเทรา
2017-10-31,796,811,1607,อุบลราชธานี
2017-10-31,1171,1019,2190,นครราชสีมา
2017-10-31,347,330,677,สระบุรี
2017-10-31,469,483,952,นนทบุรี
2017-10-31,173,199,372,พิจิตร
2017-10-31,213,188,401,หนองบัวลำภู
2017-11-30,681,692,1373,อุดรธานี
2017-11-30,368,361,729,ฉะเชิงเทรา
2017-11-30,449,392,841,ระยอง
2017-11-30,498,468,966,ศรีสะเกษ
2017-11-30,619,545,1164,บุรีรัมย์
2017-11-30,99,85,184,สิงห์บุรี
2017-11-30,256,295,551,จันทบุรี
2017-11-30,151,142,293,อุตรดิตถ์
2017-11-30,511,496,1007,ปัตตานี
2017-11-30,288,266,554,ลพบุรี
2017-11-30,214,215,429,หนองคาย
2017-11-30,101,91,192,ตราด
2017-11-30,284,282,566,ตรัง
2017-11-30,173,171,344,สุโขทัย
2017-11-30,160,125,285,พะเยา
2017-11-30,308,258,566,มหาสารคาม
2017-11-30,118,104,222,แพร่
2017-11-30,183,184,367,พัทลุง
2017-11-30,54,40,94,สมุทรสงคราม
2017-11-30,187,167,354,พิจิตร
2017-11-30,792,772,1564,อุบลราชธานี
2017-11-30,367,314,681,พิษณุโลก
2017-11-30,285,289,574,เลย
2017-11-30,155,156,311,น่าน
2017-11-30,534,509,1043,ปทุมธานี
2017-11-30,616,576,1192,สมุทรสาคร
2017-11-30,197,165,362,สตูล
2017-11-30,212,184,396,ลำปาง
2017-11-30,392,358,750,พระนครศรีอยุธยา
2017-11-30,194,191,385,เพชรบุรี
2017-11-30,575,573,1148,ตาก
2017-11-30,532,516,1048,สุรินทร์
2017-11-30,886,833,1719,สงขลา
2017-11-30,85,97,182,อ่างทอง
2017-11-30,476,471,947,สกลนคร
2017-11-30,258,258,516,ชุมพร
2017-11-30,700,671,1371,นครศรีธรรมราช
2017-11-30,420,377,797,นครปฐม
2017-11-30,253,205,458,ปราจีนบุรี
2017-11-30,120,95,215,ระนอง
2017-11-30,347,291,638,เพชรบูรณ์
2017-11-30,222,232,454,นครพนม
2017-11-30,4179,3955,8134,กรุงเทพมหานคร
2017-11-30,992,935,1927,เชียงใหม่
2017-11-30,169,145,314,มุกดาหาร
2017-11-30,544,516,1060,นราธิวาส
2017-11-30,90,92,182,ชัยนาท
2017-11-30,128,145,273,พังงา
2017-11-30,514,465,979,เชียงราย
2017-11-30,685,611,1296,สุราษฎร์ธานี
2017-11-30,292,290,582,กระบี่
2017-11-30,1090,1028,2118,นครราชสีมา
2017-11-30,382,374,756,ภูเก็ต
2017-11-30,263,215,478,กำแพงเพชร
2017-11-30,312,314,626,สระบุรี
2017-11-30,426,401,827,นนทบุรี
2017-11-30,492,448,940,ยะลา
2017-11-30,1448,1308,2756,ชลบุรี
2017-11-30,354,316,670,กาฬสินธุ์
2017-11-30,207,198,405,หนองบัวลำภู
2017-11-30,714,614,1328,สมุทรปราการ
2017-11-30,394,384,778,ชัยภูมิ
2017-11-30,113,123,236,อุทัยธานี
2017-11-30,137,138,275,อำนาจเจริญ
2017-11-30,401,405,806,ร้อยเอ็ด
2017-11-30,364,354,718,กาญจนบุรี
2017-11-30,307,312,619,ประจวบคีรีขันธ์
2017-11-30,316,307,623,แม่ฮ่องสอน
2017-11-30,424,446,870,ราชบุรี
2017-11-30,363,353,716,นครสวรรค์
2017-11-30,788,719,1507,ขอนแก่น
2017-11-30,156,163,319,นครนายก
2017-11-30,336,327,663,สุพรรณบุรี
2017-11-30,165,140,305,ลำพูน
2017-11-30,267,246,513,สระแก้ว
2017-11-30,165,169,334,ยโสธร
2017-11-30,149,182,331,บึงกาฬ
2017-12-31,197,193,390,หนองคาย
2017-12-31,1007,981,1988,นครราชสีมา
2017-12-31,707,717,1424,อุบลราชธานี
2017-12-31,282,266,548,ลพบุรี
2017-12-31,183,187,370,เพชรบุรี
2017-12-31,266,230,496,เลย
2017-12-31,583,506,1089,สมุทรสาคร
2017-12-31,252,247,499,จันทบุรี
2017-12-31,105,87,192,อุทัยธานี
2017-12-31,313,294,607,พระนครศรีอยุธยา
2017-12-31,170,108,278,อุตรดิตถ์
2017-12-31,1275,1185,2460,ชลบุรี
2017-12-31,359,335,694,พิษณุโลก
2017-12-31,610,564,1174,สมุทรปราการ
2017-12-31,188,199,387,หนองบัวลำภู
2017-12-31,430,384,814,ราชบุรี
2017-12-31,185,161,346,สุโขทัย
2017-12-31,482,473,955,สกลนคร
2017-12-31,618,600,1218,นครศรีธรรมราช
2017-12-31,158,159,317,มุกดาหาร
2017-12-31,159,162,321,บึงกาฬ
2017-12-31,325,321,646,สุพรรณบุรี
2017-12-31,971,903,1874,เชียงใหม่
2017-12-31,258,219,477,สระแก้ว
2017-12-31,485,497,982,สุรินทร์
2017-12-31,195,164,359,พัทลุง
2017-12-31,124,109,233,ระนอง
2017-12-31,259,231,490,มหาสารคาม
2017-12-31,338,351,689,ชัยภูมิ
2017-12-31,561,565,1126,สุราษฎร์ธานี
2017-12-31,284,279,563,กระบี่
2017-12-31,129,113,242,พะเยา
2017-12-31,156,171,327,สตูล
2017-12-31,522,520,1042,นราธิวาส
2017-12-31,149,160,309,นครนายก
2017-12-31,491,469,960,ปัตตานี
2017-12-31,266,282,548,กาฬสินธุ์
2017-12-31,80,81,161,สิงห์บุรี
2017-12-31,378,323,701,นครสวรรค์
2017-12-31,781,685,1466,ขอนแก่น
2017-12-31,3770,3502,7272,กรุงเทพมหานคร
2017-12-31,207,224,431,นครพนม
2017-12-31,378,384,762,ระยอง
2017-12-31,216,187,403,ลำปาง
2017-12-31,299,248,547,ตรัง
2017-12-31,309,323,632,เพชรบูรณ์
2017-12-31,252,240,492,ปราจีนบุรี
2017-12-31,613,608,1221,ตาก
2017-12-31,319,349,668,นครปฐม
2017-12-31,47,45,92,สมุทรสงคราม
2017-12-31,265,227,492,ชุมพร
2017-12-31,69,73,142,อ่างทอง
2017-12-31,152,127,279,น่าน
2017-12-31,113,109,222,แพร่
2017-12-31,126,141,267,อำนาจเจริญ
2017-12-31,137,124,261,ลำพูน
2017-12-31,461,451,912,ปทุมธานี
2017-12-31,134,117,251,พังงา
2017-12-31,89,76,165,ชัยนาท
2017-12-31,103,87,190,ตราด
2017-12-31,324,290,614,ฉะเชิงเทรา
2017-12-31,279,309,588,สระบุรี
2017-12-31,195,188,383,แม่ฮ่องสอน
2017-12-31,434,365,799,ร้อยเอ็ด
2017-12-31,634,617,1251,อุดรธานี
2017-12-31,503,458,961,ยะลา
2017-12-31,491,443,934,ศรีสะเกษ
2017-12-31,409,370,779,นนทบุรี
2017-12-31,526,504,1030,เชียงราย
2017-12-31,154,146,300,ยโสธร
2017-12-31,287,280,567,ประจวบคีรีขันธ์
2017-12-31,176,157,333,พิจิตร
2017-12-31,386,344,730,ภูเก็ต
2017-12-31,797,821,1618,สงขลา
2017-12-31,385,349,734,กาญจนบุรี
2017-12-31,558,565,1123,บุรีรัมย์
2017-12-31,235,206,441,กำแพงเพชร
2018-01-31,297,285,582,ตรัง
2018-01-31,123,118,241,อุตรดิตถ์
2018-01-31,513,428,941,สกลนคร
2018-01-31,384,354,738,กาญจนบุรี
2018-01-31,176,154,330,บึงกาฬ
2018-01-31,377,311,688,นครสวรรค์
2018-01-31,266,239,505,ลพบุรี
2018-01-31,221,237,458,นครพนม
2018-01-31,134,121,255,อำนาจเจริญ
2018-01-31,327,326,653,พิษณุโลก
2018-01-31,248,224,472,เลย
2018-01-31,226,234,460,สระแก้ว
2018-01-31,265,283,548,สระบุรี
2018-01-31,390,368,758,ภูเก็ต
2018-01-31,160,165,325,สตูล
2018-01-31,114,117,231,แพร่
2018-01-31,112,79,191,ตราด
2018-01-31,135,120,255,พังงา
2018-01-31,3839,3761,7600,กรุงเทพมหานคร
2018-01-31,140,150,290,มุกดาหาร
2018-01-31,631,568,1199,สุราษฎร์ธานี
2018-01-31,187,173,360,หนองคาย
2018-01-31,572,500,1072,นราธิวาส
2018-01-31,61,46,107,สมุทรสงคราม
2018-01-31,87,94,181,อุทัยธานี
2018-01-31,182,155,337,สุโขทัย
2018-01-31,87,80,167,อ่างทอง
2018-01-31,493,444,937,ศรีสะเกษ
2018-01-31,595,563,1158,สมุทรปราการ
2018-01-31,246,176,422,แม่ฮ่องสอน
2018-01-31,567,520,1087,สมุทรสาคร
2018-01-31,1359,1235,2594,ชลบุรี
2018-01-31,162,169,331,หนองบัวลำภู
2018-01-31,306,327,633,กาฬสินธุ์
2018-01-31,623,608,1231,อุดรธานี
2018-01-31,437,420,857,นนทบุรี
2018-01-31,138,158,296,พิจิตร
2018-01-31,852,761,1613,สงขลา
2018-01-31,221,215,436,กำแพงเพชร
2018-01-31,561,539,1100,เชียงราย
2018-01-31,78,88,166,ชัยนาท
2018-01-31,82,70,152,สิงห์บุรี
2018-01-31,753,727,1480,อุบลราชธานี
2018-01-31,280,308,588,เพชรบูรณ์
2018-01-31,174,171,345,ลำปาง
2018-01-31,237,218,455,ปราจีนบุรี
2018-01-31,388,385,773,นครปฐม
2018-01-31,233,256,489,ชุมพร
2018-01-31,168,167,335,น่าน
2018-01-31,502,494,996,ปทุมธานี
2018-01-31,140,158,298,ลำพูน
2018-01-31,399,383,782,ระยอง
2018-01-31,692,636,1328,ขอนแก่น
2018-01-31,566,553,1119,บุรีรัมย์
2018-01-31,277,275,552,ประจวบคีรีขันธ์
2018-01-31,430,367,797,ร้อยเอ็ด
2018-01-31,553,510,1063,ตาก
2018-01-31,1054,942,1996,นครราชสีมา
2018-01-31,310,296,606,ฉะเชิงเทรา
2018-01-31,505,471,976,ปัตตานี
2018-01-31,279,245,524,จันทบุรี
2018-01-31,425,386,811,ราชบุรี
2018-01-31,158,130,288,นครนายก
2018-01-31,499,484,983,สุรินทร์
2018-01-31,330,310,640,สุพรรณบุรี
2018-01-31,679,628,1307,นครศรีธรรมราช
2018-01-31,341,319,660,พระนครศรีอยุธยา
2018-01-31,342,369,711,ชัยภูมิ
2018-01-31,108,126,234,ระนอง
2018-01-31,182,170,352,พัทลุง
2018-01-31,168,184,352,เพชรบุรี
2018-01-31,161,192,353,ยโสธร
2018-01-31,169,152,321,พะเยา
2018-01-31,295,297,592,มหาสารคาม
2018-01-31,968,947,1915,เชียงใหม่
2018-01-31,490,487,977,ยะลา
2018-01-31,277,241,518,กระบี่
2018-02-28,238,200,438,ประจวบคีรีขันธ์
2018-02-28,592,605,1197,อุบลราชธานี
2018-02-28,121,92,213,พังงา
2018-02-28,120,113,233,น่าน
2018-02-28,141,119,260,บึงกาฬ
2018-02-28,210,205,415,ชุมพร
2018-02-28,133,133,266,ยโสธร
2018-02-28,297,259,556,นครสวรรค์
2018-02-28,218,214,432,ลพบุรี
2018-02-28,232,191,423,จันทบุรี
2018-02-28,571,513,1084,นครศรีธรรมราช
2018-02-28,95,97,192,อำนาจเจริญ
2018-02-28,269,246,515,สระบุรี
2018-02-28,577,558,1135,ขอนแก่น
2018-02-28,531,477,1008,อุดรธานี
2018-02-28,370,337,707,ระยอง
2018-02-28,244,193,437,เลย
2018-02-28,286,274,560,ชัยภูมิ
2018-02-28,208,187,395,กระบี่
2018-02-28,393,357,750,ศรีสะเกษ
2018-02-28,110,109,219,ระนอง
2018-02-28,712,673,1385,สงขลา
2018-02-28,156,137,293,เพชรบุรี
2018-02-28,137,137,274,หนองบัวลำภู
2018-02-28,523,522,1045,สุราษฎร์ธานี
2018-02-28,98,88,186,แพร่
2018-02-28,179,166,345,กำแพงเพชร
2018-02-28,411,404,815,เชียงราย
2018-02-28,314,312,626,ภูเก็ต
2018-02-28,73,70,143,ชัยนาท
2018-02-28,126,118,244,พะเยา
2018-02-28,1182,1044,2226,ชลบุรี
2018-02-28,51,45,96,สิงห์บุรี
2018-02-28,92,83,175,อุทัยธานี
2018-02-28,397,445,842,ตาก
2018-02-28,120,129,249,สุโขทัย
2018-02-28,152,151,303,แม่ฮ่องสอน
2018-02-28,124,149,273,สตูล
2018-02-28,72,70,142,อ่างทอง
2018-02-28,197,184,381,นครพนม
2018-02-28,227,243,470,ตรัง
2018-02-28,438,396,834,ปัตตานี
2018-02-28,191,204,395,ปราจีนบุรี
2018-02-28,163,146,309,ลำปาง
2018-02-28,238,229,467,มหาสารคาม
2018-02-28,260,263,523,กาฬสินธุ์
2018-02-28,353,320,673,นนทบุรี
2018-02-28,256,255,511,เพชรบูรณ์
2018-02-28,296,273,569,กาญจนบุรี
2018-02-28,422,390,812,ปทุมธานี
2018-02-28,3177,3165,6342,กรุงเทพมหานคร
2018-02-28,542,494,1036,สมุทรปราการ
2018-02-28,448,421,869,บุรีรัมย์
2018-02-28,297,295,592,ร้อยเอ็ด
2018-02-28,292,272,564,พิษณุโลก
2018-02-28,169,146,315,พัทลุง
2018-02-28,255,248,503,พระนครศรีอยุธยา
2018-02-28,426,422,848,สุรินทร์
2018-02-28,402,361,763,สกลนคร
2018-02-28,447,430,877,นราธิวาส
2018-02-28,163,163,326,หนองคาย
2018-02-28,304,281,585,นครปฐม
2018-02-28,264,224,488,ฉะเชิงเทรา
2018-02-28,114,114,228,ลำพูน
2018-02-28,339,315,654,ราชบุรี
2018-02-28,782,747,1529,เชียงใหม่
2018-02-28,448,425,873,สมุทรสาคร
2018-02-28,122,104,226,นครนายก
2018-02-28,384,344,728,ยะลา
2018-02-28,873,813,1686,นครราชสีมา
2018-02-28,212,178,390,สระแก้ว
2018-02-28,117,111,228,พิจิตร
2018-02-28,256,240,496,สุพรรณบุรี
2018-02-28,78,87,165,ตราด
2018-02-28,137,127,264,มุกดาหาร
2018-02-28,87,87,174,อุตรดิตถ์
2018-02-28,46,38,84,สมุทรสงคราม
2018-03-31,277,227,504,ลพบุรี
2018-03-31,244,217,461,ชุมพร
2018-03-31,456,402,858,สุรินทร์
2018-03-31,655,613,1268,ขอนแก่น
2018-03-31,399,381,780,ราชบุรี
2018-03-31,341,327,668,ร้อยเอ็ด
2018-03-31,124,156,280,บึงกาฬ
2018-03-31,424,383,807,สกลนคร
2018-03-31,203,175,378,แม่ฮ่องสอน
2018-03-31,259,255,514,ประจวบคีรีขันธ์
2018-03-31,101,115,216,อุตรดิตถ์
2018-03-31,246,226,472,จันทบุรี
2018-03-31,863,789,1652,เชียงใหม่
2018-03-31,319,299,618,พระนครศรีอยุธยา
2018-03-31,334,275,609,สระบุรี
2018-03-31,211,199,410,สระแก้ว
2018-03-31,821,704,1525,สงขลา
2018-03-31,742,676,1418,อุบลราชธานี
2018-03-31,552,484,1036,สมุทรสาคร
2018-03-31,154,160,314,พิจิตร
2018-03-31,144,128,272,นครนายก
2018-03-31,571,517,1088,อุดรธานี
2018-03-31,151,161,312,มุกดาหาร
2018-03-31,604,553,1157,สุราษฎร์ธานี
2018-03-31,75,70,145,สิงห์บุรี
2018-03-31,564,490,1054,นราธิวาส
2018-03-31,506,410,916,ตาก
2018-03-31,111,125,236,พะเยา
2018-03-31,178,168,346,ลำปาง
2018-03-31,255,218,473,มหาสารคาม
2018-03-31,97,98,195,อุทัยธานี
2018-03-31,480,484,964,ปทุมธานี
2018-03-31,127,129,256,น่าน
2018-03-31,375,353,728,ระยอง
2018-03-31,518,495,1013,บุรีรัมย์
2018-03-31,187,184,371,เพชรบุรี
2018-03-31,179,219,398,พัทลุง
2018-03-31,501,455,956,ปัตตานี
2018-03-31,344,345,689,ภูเก็ต
2018-03-31,3732,3615,7347,กรุงเทพมหานคร
2018-03-31,137,142,279,ลำพูน
2018-03-31,457,400,857,เชียงราย
2018-03-31,223,229,452,เลย
2018-03-31,651,610,1261,สมุทรปราการ
2018-03-31,110,105,215,อำนาจเจริญ
2018-03-31,124,95,219,พังงา
2018-03-31,188,200,388,กำแพงเพชร
2018-03-31,414,342,756,นนทบุรี
2018-03-31,252,258,510,กาฬสินธุ์
2018-03-31,322,319,641,กาญจนบุรี
2018-03-31,176,152,328,หนองบัวลำภู
2018-03-31,313,293,606,พิษณุโลก
2018-03-31,399,379,778,ศรีสะเกษ
2018-03-31,337,285,622,นครสวรรค์
2018-03-31,507,442,949,ยะลา
2018-03-31,1181,1149,2330,ชลบุรี
2018-03-31,92,116,208,แพร่
2018-03-31,85,91,176,ตราด
2018-03-31,49,42,91,สมุทรสงคราม
2018-03-31,895,866,1761,นครราชสีมา
2018-03-31,117,107,224,ระนอง
2018-03-31,286,209,495,กระบี่
2018-03-31,75,65,140,อ่างทอง
2018-03-31,282,229,511,ตรัง
2018-03-31,326,291,617,ชัยภูมิ
2018-03-31,326,289,615,ฉะเชิงเทรา
2018-03-31,163,152,315,หนองคาย
2018-03-31,305,236,541,เพชรบูรณ์
2018-03-31,147,126,273,สุโขทัย
2018-03-31,111,69,180,ชัยนาท
2018-03-31,643,600,1243,นครศรีธรรมราช
2018-03-31,314,306,620,สุพรรณบุรี
2018-03-31,226,187,413,นครพนม
2018-03-31,177,143,320,สตูล
2018-03-31,315,292,607,นครปฐม
2018-03-31,220,233,453,ปราจีนบุรี
2018-03-31,151,127,278,ยโสธร
2018-04-30,293,285,578,สุพรรณบุรี
2018-04-30,156,110,266,ลำพูน
2018-04-30,562,580,1142,สุราษฎร์ธานี
2018-04-30,455,448,903,ยะลา
2018-04-30,69,75,144,สิงห์บุรี
2018-04-30,1227,1093,2320,ชลบุรี
2018-04-30,171,126,297,พิจิตร
2018-04-30,947,878,1825,นครราชสีมา
2018-04-30,124,149,273,ยโสธร
2018-04-30,374,323,697,ราชบุรี
2018-04-30,190,207,397,สระแก้ว
2018-04-30,127,132,259,ระนอง
2018-04-30,841,781,1622,เชียงใหม่
2018-04-30,222,218,440,ชุมพร
2018-04-30,815,779,1594,สงขลา
2018-04-30,242,273,515,สระบุรี
2018-04-30,261,237,498,กระบี่
2018-04-30,372,322,694,นครปฐม
2018-04-30,166,142,308,มุกดาหาร
2018-04-30,480,451,931,ตาก
2018-04-30,166,146,312,ลำปาง
2018-04-30,329,298,627,ชัยภูมิ
2018-04-30,72,80,152,ชัยนาท
2018-04-30,691,632,1323,นครศรีธรรมราช
2018-04-30,464,374,838,เชียงราย
2018-04-30,385,348,733,ร้อยเอ็ด
2018-04-30,548,503,1051,บุรีรัมย์
2018-04-30,286,257,543,เพชรบูรณ์
2018-04-30,419,399,818,สกลนคร
2018-04-30,584,573,1157,สมุทรปราการ
2018-04-30,144,130,274,แม่ฮ่องสอน
2018-04-30,395,335,730,ระยอง
2018-04-30,368,337,705,นนทบุรี
2018-04-30,462,429,891,ปทุมธานี
2018-04-30,105,85,190,อุทัยธานี
2018-04-30,253,223,476,ประจวบคีรีขันธ์
2018-04-30,232,232,464,ปราจีนบุรี
2018-04-30,264,242,506,กาฬสินธุ์
2018-04-30,169,161,330,หนองบัวลำภู
2018-04-30,145,135,280,บึงกาฬ
2018-04-30,629,647,1276,ขอนแก่น
2018-04-30,175,175,350,กำแพงเพชร
2018-04-30,128,119,247,น่าน
2018-04-30,489,427,916,ปัตตานี
2018-04-30,130,106,236,พะเยา
2018-04-30,221,221,442,เลย
2018-04-30,289,236,525,ตรัง
2018-04-30,288,275,563,พิษณุโลก
2018-04-30,222,243,465,มหาสารคาม
2018-04-30,145,140,285,สตูล
2018-04-30,211,192,403,นครพนม
2018-04-30,186,169,355,พัทลุง
2018-04-30,516,527,1043,นราธิวาส
2018-04-30,177,172,349,หนองคาย
2018-04-30,137,151,288,สุโขทัย
2018-04-30,223,246,469,ลพบุรี
2018-04-30,112,107,219,พังงา
2018-04-30,3600,3356,6956,กรุงเทพมหานคร
2018-04-30,333,315,648,ฉะเชิงเทรา
2018-04-30,117,119,236,อุตรดิตถ์
2018-04-30,150,163,313,เพชรบุรี
2018-04-30,340,291,631,พระนครศรีอยุธยา
2018-04-30,420,396,816,สุรินทร์
2018-04-30,337,302,639,ภูเก็ต
2018-04-30,105,111,216,อำนาจเจริญ
2018-04-30,323,297,620,กาญจนบุรี
2018-04-30,237,221,458,จันทบุรี
2018-04-30,411,402,813,ศรีสะเกษ
2018-04-30,705,614,1319,อุบลราชธานี
2018-04-30,504,464,968,สมุทรสาคร
2018-04-30,547,495,1042,อุดรธานี
2018-04-30,40,37,77,สมุทรสงคราม
2018-04-30,81,76,157,อ่างทอง
2018-04-30,315,311,626,นครสวรรค์
2018-04-30,98,88,186,ตราด
2018-04-30,103,103,206,แพร่
2018-04-30,149,128,277,นครนายก
2018-05-31,140,144,284,ยโสธร
2018-05-31,648,598,1246,นครศรีธรรมราช
2018-05-31,503,470,973,ปัตตานี
2018-05-31,138,130,268,สุโขทัย
2018-05-31,56,44,100,สมุทรสงคราม
2018-05-31,112,87,199,พังงา
2018-05-31,155,153,308,หนองบัวลำภู
2018-05-31,329,301,630,นครสวรรค์
2018-05-31,141,110,251,อุตรดิตถ์
2018-05-31,138,128,266,ระนอง
2018-05-31,789,747,1536,เชียงใหม่
2018-05-31,96,79,175,อ่างทอง
2018-05-31,431,365,796,ราชบุรี
2018-05-31,3644,3382,7026,กรุงเทพมหานคร
2018-05-31,121,109,230,ลำพูน
2018-05-31,247,244,491,จันทบุรี
2018-05-31,636,585,1221,ขอนแก่น
2018-05-31,262,277,539,กระบี่
2018-05-31,159,156,315,แม่ฮ่องสอน
2018-05-31,248,226,474,ชุมพร
2018-05-31,355,340,695,นครปฐม
2018-05-31,860,886,1746,นครราชสีมา
2018-05-31,234,198,432,ปราจีนบุรี
2018-05-31,633,583,1216,สมุทรปราการ
2018-05-31,402,389,791,ศรีสะเกษ
2018-05-31,94,105,199,แพร่
2018-05-31,309,301,610,กาญจนบุรี
2018-05-31,391,425,816,นนทบุรี
2018-05-31,110,125,235,อำนาจเจริญ
2018-05-31,190,192,382,กำแพงเพชร
2018-05-31,242,195,437,เลย
2018-05-31,456,431,887,เชียงราย
2018-05-31,258,243,501,กาฬสินธุ์
2018-05-31,175,150,325,หนองคาย
2018-05-31,318,308,626,สุพรรณบุรี
2018-05-31,314,308,622,พิษณุโลก
2018-05-31,133,135,268,บึงกาฬ
2018-05-31,319,292,611,ชัยภูมิ
2018-05-31,94,83,177,ตราด
2018-05-31,73,79,152,ชัยนาท
2018-05-31,164,162,326,สตูล
2018-05-31,223,270,493,เพชรบูรณ์
2018-05-31,1332,1232,2564,ชลบุรี
2018-05-31,218,191,409,นครพนม
2018-05-31,293,254,547,ตรัง
2018-05-31,458,456,914,ยะลา
2018-05-31,272,284,556,ฉะเชิงเทรา
2018-05-31,175,151,326,ลำปาง
2018-05-31,145,110,255,พะเยา
2018-05-31,168,155,323,เพชรบุรี
2018-05-31,156,136,292,พิจิตร
2018-05-31,484,481,965,บุรีรัมย์
2018-05-31,183,162,345,พัทลุง
2018-05-31,108,95,203,อุทัยธานี
2018-05-31,224,183,407,สระแก้ว
2018-05-31,407,407,814,สกลนคร
2018-05-31,541,488,1029,นราธิวาส
2018-05-31,249,226,475,ลพบุรี
2018-05-31,70,68,138,สิงห์บุรี
2018-05-31,242,241,483,มหาสารคาม
2018-05-31,577,537,1114,อุดรธานี
2018-05-31,627,556,1183,สุราษฎร์ธานี
2018-05-31,469,436,905,ปทุมธานี
2018-05-31,137,140,277,นครนายก
2018-05-31,136,111,247,น่าน
2018-05-31,338,347,685,ระยอง
2018-05-31,451,485,936,สุรินทร์
2018-05-31,290,295,585,พระนครศรีอยุธยา
2018-05-31,473,434,907,ตาก
2018-05-31,463,396,859,สมุทรสาคร
2018-05-31,673,635,1308,อุบลราชธานี
2018-05-31,251,206,457,ประจวบคีรีขันธ์
2018-05-31,295,244,539,สระบุรี
2018-05-31,327,325,652,ร้อยเอ็ด
2018-05-31,854,785,1639,สงขลา
2018-05-31,373,344,717,ภูเก็ต
2018-05-31,151,128,279,มุกดาหาร
2018-06-30,574,509,1083,สุราษฎร์ธานี
2018-06-30,465,409,874,ตาก
2018-06-30,97,99,196,แพร่
2018-06-30,400,354,754,นนทบุรี
2018-06-30,145,138,283,นครนายก
2018-06-30,116,103,219,อำนาจเจริญ
2018-06-30,69,60,129,สิงห์บุรี
2018-06-30,134,126,260,พะเยา
2018-06-30,418,425,843,เชียงราย
2018-06-30,296,263,559,สุพรรณบุรี
2018-06-30,209,216,425,เลย
2018-06-30,189,182,371,กำแพงเพชร
2018-06-30,130,144,274,มุกดาหาร
2018-06-30,244,247,491,กระบี่
2018-06-30,227,202,429,ประจวบคีรีขันธ์
2018-06-30,193,145,338,ลำปาง
2018-06-30,272,289,561,ฉะเชิงเทรา
2018-06-30,621,640,1261,อุบลราชธานี
2018-06-30,261,266,527,สระบุรี
2018-06-30,724,746,1470,เชียงใหม่
2018-06-30,74,51,125,อ่างทอง
2018-06-30,132,126,258,ระนอง
2018-06-30,282,243,525,นครสวรรค์
2018-06-30,808,749,1557,สงขลา
2018-06-30,202,216,418,ปราจีนบุรี
2018-06-30,43,34,77,สมุทรสงคราม
2018-06-30,356,350,706,สมุทรสาคร
2018-06-30,891,859,1750,นครราชสีมา
2018-06-30,226,231,457,มหาสารคาม
2018-06-30,119,142,261,พิจิตร
2018-06-30,1238,1164,2402,ชลบุรี
2018-06-30,103,84,187,ตราด
2018-06-30,208,184,392,สระแก้ว
2018-06-30,262,256,518,กาฬสินธุ์
2018-06-30,567,541,1108,อุดรธานี
2018-06-30,155,145,300,หนองบัวลำภู
2018-06-30,569,527,1096,สมุทรปราการ
2018-06-30,398,382,780,ศรีสะเกษ
2018-06-30,459,390,849,ยะลา
2018-06-30,218,187,405,ชุมพร
2018-06-30,316,256,572,พิษณุโลก
2018-06-30,95,76,171,พังงา
2018-06-30,378,389,767,สกลนคร
2018-06-30,313,325,638,ชัยภูมิ
2018-06-30,140,142,282,สุโขทัย
2018-06-30,336,319,655,ระยอง
2018-06-30,104,93,197,อุตรดิตถ์
2018-06-30,478,480,958,บุรีรัมย์
2018-06-30,164,132,296,เพชรบุรี
2018-06-30,428,440,868,สุรินทร์
2018-06-30,145,108,253,ยโสธร
2018-06-30,105,125,230,ลำพูน
2018-06-30,3225,3005,6230,กรุงเทพมหานคร
2018-06-30,241,215,456,จันทบุรี
2018-06-30,329,307,636,ร้อยเอ็ด
2018-06-30,614,599,1213,ขอนแก่น
2018-06-30,176,198,374,แม่ฮ่องสอน
2018-06-30,143,138,281,บึงกาฬ
2018-06-30,315,288,603,พระนครศรีอยุธยา
2018-06-30,123,123,246,น่าน
2018-06-30,330,315,645,ภูเก็ต
2018-06-30,374,347,721,ราชบุรี
2018-06-30,643,615,1258,นครศรีธรรมราช
2018-06-30,332,269,601,นครปฐม
2018-06-30,194,196,390,นครพนม
2018-06-30,163,157,320,หนองคาย
2018-06-30,516,440,956,นราธิวาส
2018-06-30,469,447,916,ปัตตานี
2018-06-30,336,304,640,กาญจนบุรี
2018-06-30,280,230,510,ตรัง
2018-06-30,213,227,440,ลพบุรี
2018-06-30,73,70,143,ชัยนาท
2018-06-30,434,426,860,ปทุมธานี
2018-06-30,172,146,318,สตูล
2018-06-30,179,161,340,พัทลุง
2018-06-30,100,95,195,อุทัยธานี
2018-06-30,259,238,497,เพชรบูรณ์
2018-07-31,287,290,577,สระบุรี
2018-07-31,332,296,628,แม่ฮ่องสอน
2018-07-31,571,580,1151,สมุทรปราการ
2018-07-31,208,227,435,นครพนม
2018-07-31,157,148,305,มุกดาหาร
2018-07-31,331,316,647,กาญจนบุรี
2018-07-31,321,297,618,นครสวรรค์
2018-07-31,372,287,659,ภูเก็ต
2018-07-31,115,101,216,ระนอง
2018-07-31,182,154,336,บึงกาฬ
2018-07-31,429,372,801,ราชบุรี
2018-07-31,155,129,284,นครนายก
2018-07-31,3354,3231,6585,กรุงเทพมหานคร
2018-07-31,584,519,1103,สุราษฎร์ธานี
2018-07-31,125,88,213,อุทัยธานี
2018-07-31,520,455,975,นราธิวาส
2018-07-31,124,98,222,อำนาจเจริญ
2018-07-31,655,566,1221,นครศรีธรรมราช
2018-07-31,428,393,821,ยะลา
2018-07-31,221,206,427,สระแก้ว
2018-07-31,99,94,193,พังงา
2018-07-31,448,422,870,สกลนคร
2018-07-31,363,291,654,สุพรรณบุรี
2018-07-31,326,346,672,ชัยภูมิ
2018-07-31,48,40,88,สมุทรสงคราม
2018-07-31,278,230,508,กระบี่
2018-07-31,158,167,325,สตูล
2018-07-31,421,402,823,ตาก
2018-07-31,187,177,364,พัทลุง
2018-07-31,501,464,965,ปทุมธานี
2018-07-31,398,350,748,ระยอง
2018-07-31,541,500,1041,บุรีรัมย์
2018-07-31,239,234,473,ประจวบคีรีขันธ์
2018-07-31,140,120,260,น่าน
2018-07-31,326,301,627,พิษณุโลก
2018-07-31,213,229,442,เลย
2018-07-31,668,637,1305,ขอนแก่น
2018-07-31,121,107,228,ลำพูน
2018-07-31,210,215,425,ชุมพร
2018-07-31,277,339,616,นครปฐม
2018-07-31,143,135,278,ยโสธร
2018-07-31,88,83,171,สิงห์บุรี
2018-07-31,295,249,544,เพชรบูรณ์
2018-07-31,176,148,324,ลำปาง
2018-07-31,274,221,495,มหาสารคาม
2018-07-31,113,99,212,อุตรดิตถ์
2018-07-31,189,198,387,หนองคาย
2018-07-31,239,214,453,จันทบุรี
2018-07-31,126,162,288,สุโขทัย
2018-07-31,295,292,587,พระนครศรีอยุธยา
2018-07-31,488,395,883,สุรินทร์
2018-07-31,148,157,305,เพชรบุรี
2018-07-31,262,246,508,ลพบุรี
2018-07-31,133,108,241,พะเยา
2018-07-31,588,563,1151,อุดรธานี
2018-07-31,434,355,789,สมุทรสาคร
2018-07-31,754,664,1418,อุบลราชธานี
2018-07-31,328,278,606,ฉะเชิงเทรา
2018-07-31,808,731,1539,สงขลา
2018-07-31,148,145,293,พิจิตร
2018-07-31,274,242,516,ตรัง
2018-07-31,78,81,159,ชัยนาท
2018-07-31,358,352,710,ร้อยเอ็ด
2018-07-31,821,729,1550,เชียงใหม่
2018-07-31,955,878,1833,นครราชสีมา
2018-07-31,459,411,870,เชียงราย
2018-07-31,444,410,854,ปัตตานี
2018-07-31,177,180,357,หนองบัวลำภู
2018-07-31,202,199,401,กำแพงเพชร
2018-07-31,102,99,201,ตราด
2018-07-31,314,276,590,กาฬสินธุ์
2018-07-31,503,412,915,ศรีสะเกษ
2018-07-31,87,77,164,อ่างทอง
2018-07-31,410,398,808,นนทบุรี
2018-07-31,112,92,204,แพร่
2018-07-31,213,192,405,ปราจีนบุรี
2018-07-31,1295,1179,2474,ชลบุรี
2018-08-31,355,295,650,เพชรบูรณ์
2018-08-31,709,708,1417,อุบลราชธานี
2018-08-31,1087,1020,2107,นครราชสีมา
2018-08-31,282,261,543,ตรัง
2018-08-31,350,296,646,ฉะเชิงเทรา
2018-08-31,300,303,603,สระบุรี
2018-08-31,553,502,1055,ยะลา
2018-08-31,157,173,330,พิจิตร
2018-08-31,273,239,512,สระแก้ว
2018-08-31,295,242,537,มหาสารคาม
2018-08-31,351,369,720,พิษณุโลก
2018-08-31,180,181,361,ลำปาง
2018-08-31,658,579,1237,สมุทรปราการ
2018-08-31,874,792,1666,สงขลา
2018-08-31,1401,1323,2724,ชลบุรี
2018-08-31,121,99,220,พังงา
2018-08-31,606,603,1209,อุดรธานี
2018-08-31,361,357,718,นครสวรรค์
2018-08-31,306,262,568,จันทบุรี
2018-08-31,132,129,261,ระนอง
2018-08-31,3911,3641,7552,กรุงเทพมหานคร
2018-08-31,841,767,1608,เชียงใหม่
2018-08-31,326,339,665,ภูเก็ต
2018-08-31,365,356,721,พระนครศรีอยุธยา
2018-08-31,482,544,1026,สุรินทร์
2018-08-31,98,83,181,อ่างทอง
2018-08-31,336,298,634,กาฬสินธุ์
2018-08-31,196,144,340,สุโขทัย
2018-08-31,579,511,1090,นราธิวาส
2018-08-31,193,166,359,เพชรบุรี
2018-08-31,257,265,522,ปราจีนบุรี
2018-08-31,281,272,553,ลพบุรี
2018-08-31,159,133,292,พะเยา
2018-08-31,177,180,357,นครนายก
2018-08-31,469,385,854,สมุทรสาคร
2018-08-31,79,67,146,สิงห์บุรี
2018-08-31,173,177,350,หนองบัวลำภู
2018-08-31,85,74,159,ชัยนาท
2018-08-31,186,198,384,บึงกาฬ
2018-08-31,462,362,824,ราชบุรี
2018-08-31,199,190,389,แม่ฮ่องสอน
2018-08-31,445,407,852,นนทบุรี
2018-08-31,736,721,1457,ขอนแก่น
2018-08-31,500,455,955,ศรีสะเกษ
2018-08-31,296,237,533,เลย
2018-08-31,126,115,241,ลำพูน
2018-08-31,266,226,492,ชุมพร
2018-08-31,493,515,1008,ปัตตานี
2018-08-31,59,67,126,สมุทรสงคราม
2018-08-31,372,368,740,นครปฐม
2018-08-31,119,98,217,แพร่
2018-08-31,676,673,1349,นครศรีธรรมราช
2018-08-31,390,383,773,ชัยภูมิ
2018-08-31,161,161,322,ยโสธร
2018-08-31,153,136,289,อำนาจเจริญ
2018-08-31,577,573,1150,สุราษฎร์ธานี
2018-08-31,241,250,491,ประจวบคีรีขันธ์
2018-08-31,143,118,261,น่าน
2018-08-31,406,393,799,ร้อยเอ็ด
2018-08-31,294,273,567,กระบี่
2018-08-31,601,604,1205,ตาก
2018-08-31,102,99,201,ตราด
2018-08-31,176,164,340,มุกดาหาร
2018-08-31,181,185,366,สตูล
2018-08-31,255,240,495,นครพนม
2018-08-31,506,475,981,สกลนคร
2018-08-31,202,197,399,พัทลุง
2018-08-31,489,458,947,เชียงราย
2018-08-31,347,407,754,กาญจนบุรี
2018-08-31,194,176,370,หนองคาย
2018-08-31,230,194,424,กำแพงเพชร
2018-08-31,138,111,249,อุทัยธานี
2018-08-31,434,406,840,ระยอง
2018-08-31,586,534,1120,บุรีรัมย์
2018-08-31,332,329,661,สุพรรณบุรี
2018-08-31,135,121,256,อุตรดิตถ์
2018-08-31,513,491,1004,ปทุมธานี
2018-09-30,266,241,507,นครพนม
2018-09-30,97,87,184,แพร่
2018-09-30,77,87,164,อ่างทอง
2018-09-30,265,286,551,ตรัง
2018-09-30,168,158,326,สตูล
2018-09-30,91,93,184,พังงา
2018-09-30,290,285,575,เลย
2018-09-30,83,72,155,สิงห์บุรี
2018-09-30,126,127,253,อุตรดิตถ์
2018-09-30,106,123,229,ระนอง
2018-09-30,776,759,1535,เชียงใหม่
2018-09-30,319,304,623,กาฬสินธุ์
2018-09-30,432,439,871,ยะลา
2018-09-30,626,552,1178,สมุทรปราการ
2018-09-30,179,153,332,หนองบัวลำภู
2018-09-30,479,488,967,เชียงราย
2018-09-30,409,357,766,นนทบุรี
2018-09-30,423,428,851,ปัตตานี
2018-09-30,83,75,158,ชัยนาท
2018-09-30,603,565,1168,นครศรีธรรมราช
2018-09-30,240,201,441,ชุมพร
2018-09-30,142,139,281,ลำพูน
2018-09-30,390,393,783,ร้อยเอ็ด
2018-09-30,737,674,1411,ขอนแก่น
2018-09-30,160,161,321,บึงกาฬ
2018-09-30,145,161,306,น่าน
2018-09-30,301,314,615,พระนครศรีอยุธยา
2018-09-30,3785,3571,7356,กรุงเทพมหานคร
2018-09-30,489,446,935,นราธิวาส
2018-09-30,254,287,541,ลพบุรี
2018-09-30,147,167,314,พะเยา
2018-09-30,622,616,1238,อุดรธานี
2018-09-30,195,215,410,หนองคาย
2018-09-30,825,716,1541,สงขลา
2018-09-30,191,201,392,ลำปาง
2018-09-30,555,499,1054,สุราษฎร์ธานี
2018-09-30,160,155,315,มุกดาหาร
2018-09-30,525,457,982,สกลนคร
2018-09-30,173,160,333,พัทลุง
2018-09-30,454,486,940,ปทุมธานี
2018-09-30,313,265,578,มหาสารคาม
2018-09-30,351,361,712,นครสวรรค์
2018-09-30,180,158,338,แม่ฮ่องสอน
2018-09-30,346,371,717,ชัยภูมิ
2018-09-30,172,153,325,เพชรบุรี
2018-09-30,141,162,303,พิจิตร
2018-09-30,232,256,488,สระแก้ว
2018-09-30,149,151,300,นครนายก
2018-09-30,140,113,253,อำนาจเจริญ
2018-09-30,321,318,639,กาญจนบุรี
2018-09-30,350,331,681,ฉะเชิงเทรา
2018-09-30,215,200,415,กำแพงเพชร
2018-09-30,1053,962,2015,นครราชสีมา
2018-09-30,48,35,83,สมุทรสงคราม
2018-09-30,114,96,210,ตราด
2018-09-30,357,313,670,พิษณุโลก
2018-09-30,208,232,440,ปราจีนบุรี
2018-09-30,492,521,1013,สุรินทร์
2018-09-30,832,732,1564,อุบลราชธานี
2018-09-30,167,151,318,ยโสธร
2018-09-30,113,122,235,อุทัยธานี
2018-09-30,286,273,559,ภูเก็ต
2018-09-30,316,294,610,สระบุรี
2018-09-30,348,326,674,ราชบุรี
2018-09-30,366,305,671,สุพรรณบุรี
2018-09-30,241,260,501,จันทบุรี
2018-09-30,321,321,642,นครปฐม
2018-09-30,482,448,930,สมุทรสาคร
2018-09-30,591,552,1143,บุรีรัมย์
2018-09-30,385,424,809,ระยอง
2018-09-30,1384,1213,2597,ชลบุรี
2018-09-30,270,222,492,กระบี่
2018-09-30,474,472,946,ศรีสะเกษ
2018-09-30,469,452,921,ตาก
2018-09-30,263,228,491,ประจวบคีรีขันธ์
2018-09-30,335,272,607,เพชรบูรณ์
2018-09-30,162,157,319,สุโขทัย
2018-10-31,164,198,362,สตูล
2018-10-31,322,327,649,กาฬสินธุ์
2018-10-31,173,176,349,มุกดาหาร
2018-10-31,520,478,998,สกลนคร
2018-10-31,182,165,347,บึงกาฬ
2018-10-31,403,381,784,ร้อยเอ็ด
2018-10-31,634,638,1272,อุดรธานี
2018-10-31,523,504,1027,ปัตตานี
2018-10-31,123,112,235,อุตรดิตถ์
2018-10-31,129,133,262,อุทัยธานี
2018-10-31,1338,1277,2615,ชลบุรี
2018-10-31,3849,3813,7662,กรุงเทพมหานคร
2018-10-31,281,246,527,ปราจีนบุรี
2018-10-31,658,616,1274,สุราษฎร์ธานี
2018-10-31,294,286,580,กระบี่
2018-10-31,345,339,684,ฉะเชิงเทรา
2018-10-31,304,266,570,ตรัง
2018-10-31,340,331,671,สุพรรณบุรี
2018-10-31,365,410,775,ราชบุรี
2018-10-31,119,104,223,ระนอง
2018-10-31,102,104,206,ชัยนาท
2018-10-31,376,376,752,นครปฐม
2018-10-31,135,138,273,พะเยา
2018-10-31,185,177,362,เพชรบุรี
2018-10-31,729,667,1396,นครศรีธรรมราช
2018-10-31,265,254,519,สระแก้ว
2018-10-31,315,264,579,เพชรบูรณ์
2018-10-31,176,167,343,นครนายก
2018-10-31,573,525,1098,ศรีสะเกษ
2018-10-31,282,292,574,ลพบุรี
2018-10-31,555,556,1111,นราธิวาส
2018-10-31,90,98,188,อ่างทอง
2018-10-31,136,106,242,ลำพูน
2018-10-31,201,193,394,หนองคาย
2018-10-31,163,167,330,สุโขทัย
2018-10-31,160,135,295,แม่ฮ่องสอน
2018-10-31,398,412,810,ชัยภูมิ
2018-10-31,235,218,453,กำแพงเพชร
2018-10-31,1059,984,2043,นครราชสีมา
2018-10-31,130,103,233,แพร่
2018-10-31,42,46,88,สมุทรสงคราม
2018-10-31,198,173,371,หนองบัวลำภู
2018-10-31,407,396,803,นนทบุรี
2018-10-31,119,116,235,ตราด
2018-10-31,266,269,535,จันทบุรี
2018-10-31,560,549,1109,เชียงราย
2018-10-31,377,360,737,พิษณุโลก
2018-10-31,861,807,1668,อุบลราชธานี
2018-10-31,259,237,496,เลย
2018-10-31,399,326,725,พระนครศรีอยุธยา
2018-10-31,936,884,1820,เชียงใหม่
2018-10-31,632,632,1264,บุรีรัมย์
2018-10-31,776,705,1481,ขอนแก่น
2018-10-31,377,355,732,นครสวรรค์
2018-10-31,535,532,1067,สุรินทร์
2018-10-31,310,262,572,มหาสารคาม
2018-10-31,241,214,455,ชุมพร
2018-10-31,186,175,361,พิจิตร
2018-10-31,108,95,203,พังงา
2018-10-31,451,469,920,ยะลา
2018-10-31,146,119,265,อำนาจเจริญ
2018-10-31,533,523,1056,ปทุมธานี
2018-10-31,381,322,703,กาญจนบุรี
2018-10-31,577,555,1132,ตาก
2018-10-31,96,76,172,สิงห์บุรี
2018-10-31,657,589,1246,สมุทรปราการ
2018-10-31,438,426,864,ระยอง
2018-10-31,179,194,373,พัทลุง
2018-10-31,509,475,984,สมุทรสาคร
2018-10-31,168,193,361,ยโสธร
2018-10-31,189,187,376,ลำปาง
2018-10-31,883,885,1768,สงขลา
2018-10-31,339,320,659,สระบุรี
2018-10-31,168,151,319,น่าน
2018-10-31,259,271,530,ประจวบคีรีขันธ์
2018-10-31,328,313,641,ภูเก็ต
2018-10-31,230,262,492,นครพนม
2018-11-30,101,94,195,ระนอง
2018-11-30,476,419,895,ยะลา
2018-11-30,67,63,130,สิงห์บุรี
2018-11-30,129,124,253,อำนาจเจริญ
2018-11-30,487,443,930,เชียงราย
2018-11-30,160,124,284,นครนายก
2018-11-30,558,519,1077,นราธิวาส
2018-11-30,157,177,334,เพชรบุรี
2018-11-30,373,331,704,กาญจนบุรี
2018-11-30,288,282,570,กระบี่
2018-11-30,246,227,473,สระแก้ว
2018-11-30,278,243,521,ลพบุรี
2018-11-30,138,132,270,น่าน
2018-11-30,86,90,176,อ่างทอง
2018-11-30,160,177,337,สตูล
2018-11-30,165,162,327,ลำปาง
2018-11-30,151,158,309,พิจิตร
2018-11-30,106,115,221,แพร่
2018-11-30,179,173,352,หนองบัวลำภู
2018-11-30,197,171,368,พัทลุง
2018-11-30,358,334,692,ชัยภูมิ
2018-11-30,172,159,331,สุโขทัย
2018-11-30,498,415,913,ศรีสะเกษ
2018-11-30,432,394,826,ระยอง
2018-11-30,238,194,432,นครพนม
2018-11-30,386,385,771,นนทบุรี
2018-11-30,331,300,631,เพชรบูรณ์
2018-11-30,674,620,1294,นครศรีธรรมราช
2018-11-30,365,305,670,นครสวรรค์
2018-11-30,284,242,526,จันทบุรี
2018-11-30,149,137,286,มุกดาหาร
2018-11-30,272,257,529,มหาสารคาม
2018-11-30,340,313,653,นครปฐม
2018-11-30,264,251,515,ประจวบคีรีขันธ์
2018-11-30,458,437,895,ปัตตานี
2018-11-30,1273,1250,2523,ชลบุรี
2018-11-30,736,693,1429,ขอนแก่น
2018-11-30,603,519,1122,บุรีรัมย์
2018-11-30,171,155,326,แม่ฮ่องสอน
2018-11-30,409,401,810,ร้อยเอ็ด
2018-11-30,195,156,351,บึงกาฬ
2018-11-30,461,475,936,สุรินทร์
2018-11-30,447,400,847,สมุทรสาคร
2018-11-30,330,340,670,พระนครศรีอยุธยา
2018-11-30,264,218,482,เลย
2018-11-30,132,134,266,อุตรดิตถ์
2018-11-30,890,798,1688,เชียงใหม่
2018-11-30,830,768,1598,อุบลราชธานี
2018-11-30,111,116,227,อุทัยธานี
2018-11-30,3793,3396,7189,กรุงเทพมหานคร
2018-11-30,344,325,669,ภูเก็ต
2018-11-30,87,80,167,ชัยนาท
2018-11-30,312,280,592,ฉะเชิงเทรา
2018-11-30,411,336,747,ราชบุรี
2018-11-30,311,311,622,สระบุรี
2018-11-30,287,262,549,ตรัง
2018-11-30,157,152,309,ยโสธร
2018-11-30,854,772,1626,สงขลา
2018-11-30,571,581,1152,สุราษฎร์ธานี
2018-11-30,320,320,640,สุพรรณบุรี
2018-11-30,297,285,582,กาฬสินธุ์
2018-11-30,489,454,943,สกลนคร
2018-11-30,604,588,1192,อุดรธานี
2018-11-30,213,214,427,ปราจีนบุรี
2018-11-30,654,561,1215,สมุทรปราการ
2018-11-30,221,208,429,กำแพงเพชร
2018-11-30,983,978,1961,นครราชสีมา
2018-11-30,40,48,88,สมุทรสงคราม
2018-11-30,536,473,1009,ตาก
2018-11-30,495,456,951,ปทุมธานี
2018-11-30,100,97,197,ตราด
2018-11-30,358,327,685,พิษณุโลก
2018-11-30,106,77,183,พังงา
2018-11-30,138,132,270,ลำพูน
2018-11-30,190,189,379,หนองคาย
2018-11-30,138,155,293,พะเยา
2018-11-30,215,226,441,ชุมพร
2018-12-31,1234,1113,2347,ชลบุรี
2018-12-31,512,483,995,เชียงราย
2018-12-31,223,191,414,ประจวบคีรีขันธ์
2018-12-31,154,132,286,ยโสธร
2018-12-31,56,73,129,สิงห์บุรี
2018-12-31,372,342,714,ระยอง
2018-12-31,428,361,789,ยะลา
2018-12-31,741,752,1493,สงขลา
2018-12-31,471,512,983,สมุทรปราการ
2018-12-31,123,158,281,น่าน
2018-12-31,283,299,582,สุพรรณบุรี
2018-12-31,166,154,320,สตูล
2018-12-31,178,174,352,กำแพงเพชร
2018-12-31,178,161,339,มุกดาหาร
2018-12-31,353,300,653,ราชบุรี
2018-12-31,275,270,545,กาฬสินธุ์
2018-12-31,212,201,413,ชุมพร
2018-12-31,452,422,874,ตาก
2018-12-31,131,118,249,พะเยา
2018-12-31,159,151,310,เพชรบุรี
2018-12-31,722,719,1441,อุบลราชธานี
2018-12-31,148,130,278,สุโขทัย
2018-12-31,667,669,1336,ขอนแก่น
2018-12-31,159,152,311,หนองบัวลำภู
2018-12-31,592,574,1166,อุดรธานี
2018-12-31,425,359,784,สกลนคร
2018-12-31,258,237,495,จันทบุรี
2018-12-31,232,253,485,ลพบุรี
2018-12-31,974,963,1937,นครราชสีมา
2018-12-31,348,321,669,นนทบุรี
2018-12-31,73,73,146,ชัยนาท
2018-12-31,767,739,1506,เชียงใหม่
2018-12-31,203,213,416,ปราจีนบุรี
2018-12-31,266,231,497,เลย
2018-12-31,524,575,1099,นครศรีธรรมราช
2018-12-31,123,136,259,อุตรดิตถ์
2018-12-31,254,239,493,มหาสารคาม
2018-12-31,301,288,589,พิษณุโลก
2018-12-31,42,28,70,สมุทรสงคราม
2018-12-31,321,300,621,กาญจนบุรี
2018-12-31,295,283,578,นครปฐม
2018-12-31,219,197,416,สระแก้ว
2018-12-31,149,143,292,นครนายก
2018-12-31,507,474,981,นราธิวาส
2018-12-31,384,376,760,ร้อยเอ็ด
2018-12-31,260,192,452,นครพนม
2018-12-31,160,172,332,พัทลุง
2018-12-31,551,511,1062,บุรีรัมย์
2018-12-31,534,495,1029,สุราษฎร์ธานี
2018-12-31,307,249,556,ฉะเชิงเทรา
2018-12-31,248,219,467,ตรัง
2018-12-31,93,134,227,อำนาจเจริญ
2018-12-31,72,83,155,อ่างทอง
2018-12-31,224,190,414,แม่ฮ่องสอน
2018-12-31,89,112,201,อุทัยธานี
2018-12-31,326,313,639,ชัยภูมิ
2018-12-31,303,287,590,สระบุรี
2018-12-31,429,410,839,ปทุมธานี
2018-12-31,303,283,586,นครสวรรค์
2018-12-31,125,123,248,ระนอง
2018-12-31,259,244,503,กระบี่
2018-12-31,94,70,164,พังงา
2018-12-31,140,148,288,บึงกาฬ
2018-12-31,3447,3185,6632,กรุงเทพมหานคร
2018-12-31,459,400,859,ปัตตานี
2018-12-31,376,393,769,สมุทรสาคร
2018-12-31,336,309,645,ภูเก็ต
2018-12-31,194,172,366,หนองคาย
2018-12-31,165,146,311,พิจิตร
2018-12-31,199,171,370,ลำปาง
2018-12-31,96,100,196,ตราด
2018-12-31,442,463,905,สุรินทร์
2018-12-31,244,238,482,พระนครศรีอยุธยา
2018-12-31,102,92,194,แพร่
2018-12-31,428,412,840,ศรีสะเกษ
2018-12-31,316,252,568,เพชรบูรณ์
2018-12-31,112,133,245,ลำพูน
2019-01-31,85,75,160,ชัยนาท
2019-01-31,126,105,231,อุทัยธานี
2019-01-31,289,325,614,ฉะเชิงเทรา
2019-01-31,602,583,1185,อุดรธานี
2019-01-31,276,257,533,ประจวบคีรีขันธ์
2019-01-31,720,746,1466,อุบลราชธานี
2019-01-31,463,477,940,ยะลา
2019-01-31,118,111,229,อุตรดิตถ์
2019-01-31,798,759,1557,สงขลา
2019-01-31,411,387,798,ราชบุรี
2019-01-31,106,94,200,พังงา
2019-01-31,555,474,1029,ตาก
2019-01-31,203,198,401,ชุมพร
2019-01-31,360,349,709,สมุทรสาคร
2019-01-31,101,97,198,ตราด
2019-01-31,243,225,468,ปราจีนบุรี
2019-01-31,367,337,704,พระนครศรีอยุธยา
2019-01-31,305,284,589,สุพรรณบุรี
2019-01-31,342,321,663,ภูเก็ต
2019-01-31,315,247,562,สระบุรี
2019-01-31,142,186,328,ยโสธร
2019-01-31,886,803,1689,เชียงใหม่
2019-01-31,559,528,1087,สมุทรปราการ
2019-01-31,348,382,730,กาญจนบุรี
2019-01-31,538,518,1056,บุรีรัมย์
2019-01-31,75,73,148,สิงห์บุรี
2019-01-31,598,545,1143,สุราษฎร์ธานี
2019-01-31,322,281,603,ตรัง
2019-01-31,494,469,963,สุรินทร์
2019-01-31,138,108,246,อำนาจเจริญ
2019-01-31,300,284,584,กาฬสินธุ์
2019-01-31,159,119,278,พะเยา
2019-01-31,391,374,765,ร้อยเอ็ด
2019-01-31,263,241,504,สระแก้ว
2019-01-31,267,205,472,นครพนม
2019-01-31,157,144,301,สตูล
2019-01-31,656,639,1295,นครศรีธรรมราช
2019-01-31,140,148,288,มุกดาหาร
2019-01-31,240,225,465,จันทบุรี
2019-01-31,353,362,715,ชัยภูมิ
2019-01-31,150,122,272,น่าน
2019-01-31,143,160,303,สุโขทัย
2019-01-31,187,157,344,หนองบัวลำภู
2019-01-31,504,465,969,ศรีสะเกษ
2019-01-31,183,184,367,ลำปาง
2019-01-31,329,288,617,เพชรบูรณ์
2019-01-31,124,118,242,แพร่
2019-01-31,397,376,773,นนทบุรี
2019-01-31,1270,1284,2554,ชลบุรี
2019-01-31,493,453,946,ปัตตานี
2019-01-31,153,152,305,พิจิตร
2019-01-31,216,244,460,เลย
2019-01-31,303,265,568,กระบี่
2019-01-31,121,114,235,ระนอง
2019-01-31,170,161,331,บึงกาฬ
2019-01-31,198,161,359,เพชรบุรี
2019-01-31,317,356,673,นครปฐม
2019-01-31,244,190,434,กำแพงเพชร
2019-01-31,337,331,668,นครสวรรค์
2019-01-31,274,288,562,มหาสารคาม
2019-01-31,454,432,886,สกลนคร
2019-01-31,191,166,357,หนองคาย
2019-01-31,3648,3347,6995,กรุงเทพมหานคร
2019-01-31,724,678,1402,ขอนแก่น
2019-01-31,327,328,655,พิษณุโลก
2019-01-31,38,46,84,สมุทรสงคราม
2019-01-31,153,144,297,นครนายก
2019-01-31,148,132,280,ลำพูน
2019-01-31,449,423,872,ปทุมธานี
2019-01-31,552,496,1048,นราธิวาส
2019-01-31,548,505,1053,เชียงราย
2019-01-31,987,898,1885,นครราชสีมา
2019-01-31,403,360,763,ระยอง
2019-01-31,197,179,376,พัทลุง
2019-01-31,279,260,539,ลพบุรี
2019-01-31,92,88,180,อ่างทอง
2019-01-31,216,230,446,แม่ฮ่องสอน
2019-02-28,324,351,675,ระยอง
2019-02-28,213,189,402,มหาสารคาม
2019-02-28,142,118,260,ลำปาง
2019-02-28,392,380,772,ยะลา
2019-02-28,146,145,291,พัทลุง
2019-02-28,126,122,248,พิจิตร
2019-02-28,306,240,546,สมุทรสาคร
2019-02-28,73,57,130,สิงห์บุรี
2019-02-28,112,88,200,อุตรดิตถ์
2019-02-28,392,403,795,ตาก
2019-02-28,196,214,410,เลย
2019-02-28,387,338,725,ปัตตานี
2019-02-28,313,331,644,นนทบุรี
2019-02-28,91,78,169,แพร่
2019-02-28,136,144,280,สุโขทัย
2019-02-28,229,207,436,จันทบุรี
2019-02-28,121,117,238,สตูล
2019-02-28,125,117,242,เพชรบุรี
2019-02-28,280,261,541,นครปฐม
2019-02-28,179,207,386,ลพบุรี
2019-02-28,230,242,472,เพชรบูรณ์
2019-02-28,824,772,1596,นครราชสีมา
2019-02-28,106,97,203,ลำพูน
2019-02-28,42,27,69,สมุทรสงคราม
2019-02-28,311,235,546,พิษณุโลก
2019-02-28,117,113,230,พะเยา
2019-02-28,147,133,280,หนองคาย
2019-02-28,97,72,169,ตราด
2019-02-28,189,188,377,ปราจีนบุรี
2019-02-28,703,667,1370,เชียงใหม่
2019-02-28,236,230,466,พระนครศรีอยุธยา
2019-02-28,441,396,837,บุรีรัมย์
2019-02-28,638,635,1273,สงขลา
2019-02-28,414,380,794,ปทุมธานี
2019-02-28,260,228,488,ตรัง
2019-02-28,627,618,1245,อุบลราชธานี
2019-02-28,258,236,494,ฉะเชิงเทรา
2019-02-28,393,365,758,ศรีสะเกษ
2019-02-28,449,484,933,อุดรธานี
2019-02-28,247,228,475,กาฬสินธุ์
2019-02-28,302,331,633,ร้อยเอ็ด
2019-02-28,388,366,754,สุรินทร์
2019-02-28,119,133,252,น่าน
2019-02-28,72,77,149,อ่างทอง
2019-02-28,332,287,619,ราชบุรี
2019-02-28,50,61,111,ชัยนาท
2019-02-28,589,510,1099,ขอนแก่น
2019-02-28,199,181,380,ประจวบคีรีขันธ์
2019-02-28,80,70,150,อำนาจเจริญ
2019-02-28,122,106,228,มุกดาหาร
2019-02-28,194,159,353,สระแก้ว
2019-02-28,268,253,521,ชัยภูมิ
2019-02-28,107,111,218,ระนอง
2019-02-28,3048,2893,5941,กรุงเทพมหานคร
2019-02-28,226,205,431,กระบี่
2019-02-28,288,282,570,ภูเก็ต
2019-02-28,217,229,446,สระบุรี
2019-02-28,277,266,543,นครสวรรค์
2019-02-28,455,466,921,สมุทรปราการ
2019-02-28,186,178,364,แม่ฮ่องสอน
2019-02-28,107,113,220,ยโสธร
2019-02-28,223,251,474,สุพรรณบุรี
2019-02-28,194,165,359,ชุมพร
2019-02-28,95,85,180,อุทัยธานี
2019-02-28,352,358,710,สกลนคร
2019-02-28,548,532,1080,นครศรีธรรมราช
2019-02-28,437,387,824,เชียงราย
2019-02-28,281,298,579,กาญจนบุรี
2019-02-28,68,76,144,พังงา
2019-02-28,199,181,380,นครพนม
2019-02-28,123,108,231,บึงกาฬ
2019-02-28,491,444,935,สุราษฎร์ธานี
2019-02-28,144,135,279,หนองบัวลำภู
2019-02-28,1032,975,2007,ชลบุรี
2019-02-28,129,125,254,นครนายก
2019-02-28,429,413,842,นราธิวาส
2019-02-28,194,155,349,กำแพงเพชร
2019-03-31,92,78,170,ตราด
2019-03-31,288,277,565,กาญจนบุรี
2019-03-31,311,281,592,สุพรรณบุรี
2019-03-31,159,148,307,เพชรบุรี
2019-03-31,1153,1060,2213,ชลบุรี
2019-03-31,329,335,664,ภูเก็ต
2019-03-31,142,113,255,ยโสธร
2019-03-31,697,655,1352,เชียงใหม่
2019-03-31,471,491,962,อุดรธานี
2019-03-31,219,191,410,เลย
2019-03-31,244,240,484,กระบี่
2019-03-31,279,269,548,พระนครศรีอยุธยา
2019-03-31,386,388,774,ศรีสะเกษ
2019-03-31,262,265,527,เพชรบูรณ์
2019-03-31,211,190,401,สระแก้ว
2019-03-31,97,85,182,แพร่
2019-03-31,74,59,133,ชัยนาท
2019-03-31,510,507,1017,สุราษฎร์ธานี
2019-03-31,333,296,629,ราชบุรี
2019-03-31,408,406,814,ปทุมธานี
2019-03-31,253,231,484,ตรัง
2019-03-31,726,703,1429,สงขลา
2019-03-31,291,306,597,สมุทรสาคร
2019-03-31,235,236,471,สระบุรี
2019-03-31,395,405,800,สุรินทร์
2019-03-31,707,614,1321,อุบลราชธานี
2019-03-31,105,99,204,ระนอง
2019-03-31,75,84,159,พังงา
2019-03-31,234,195,429,จันทบุรี
2019-03-31,278,240,518,กาฬสินธุ์
2019-03-31,280,263,543,ชัยภูมิ
2019-03-31,485,452,937,บุรีรัมย์
2019-03-31,207,184,391,ชุมพร
2019-03-31,107,92,199,อำนาจเจริญ
2019-03-31,472,467,939,ปัตตานี
2019-03-31,540,491,1031,นราธิวาส
2019-03-31,573,542,1115,ขอนแก่น
2019-03-31,336,332,668,นนทบุรี
2019-03-31,345,310,655,ระยอง
2019-03-31,153,148,301,หนองบัวลำภู
2019-03-31,136,113,249,นครนายก
2019-03-31,517,486,1003,สมุทรปราการ
2019-03-31,134,146,280,สุโขทัย
2019-03-31,160,158,318,ลำปาง
2019-03-31,200,195,395,นครพนม
2019-03-31,116,105,221,พะเยา
2019-03-31,68,81,149,อ่างทอง
2019-03-31,268,267,535,นครปฐม
2019-03-31,134,129,263,พิจิตร
2019-03-31,126,120,246,น่าน
2019-03-31,174,158,332,กำแพงเพชร
2019-03-31,116,129,245,บึงกาฬ
2019-03-31,335,288,623,ร้อยเอ็ด
2019-03-31,468,470,938,ยะลา
2019-03-31,206,209,415,ปราจีนบุรี
2019-03-31,227,186,413,ประจวบคีรีขันธ์
2019-03-31,445,410,855,เชียงราย
2019-03-31,215,203,418,ลพบุรี
2019-03-31,106,118,224,ลำพูน
2019-03-31,399,416,815,ตาก
2019-03-31,256,252,508,พิษณุโลก
2019-03-31,244,261,505,ฉะเชิงเทรา
2019-03-31,147,141,288,แม่ฮ่องสอน
2019-03-31,109,96,205,อุทัยธานี
2019-03-31,135,124,259,มุกดาหาร
2019-03-31,229,235,464,มหาสารคาม
2019-03-31,292,284,576,นครสวรรค์
2019-03-31,386,371,757,สกลนคร
2019-03-31,3246,2989,6235,กรุงเทพมหานคร
2019-03-31,598,544,1142,นครศรีธรรมราช
2019-03-31,101,77,178,อุตรดิตถ์
2019-03-31,168,148,316,สตูล
2019-03-31,851,794,1645,นครราชสีมา
2019-03-31,150,142,292,หนองคาย
2019-03-31,153,129,282,พัทลุง
2019-03-31,72,67,139,สิงห์บุรี
2019-03-31,48,30,78,สมุทรสงคราม
2019-04-30,251,268,519,สระบุรี
2019-04-30,438,436,874,เชียงราย
2019-04-30,893,890,1783,นครราชสีมา
2019-04-30,206,182,388,กำแพงเพชร
2019-04-30,100,99,199,แพร่
2019-04-30,168,156,324,เพชรบุรี
2019-04-30,146,140,286,บึงกาฬ
2019-04-30,383,354,737,ร้อยเอ็ด
2019-04-30,131,136,267,สุโขทัย
2019-04-30,160,143,303,หนองบัวลำภู
2019-04-30,369,313,682,นนทบุรี
2019-04-30,315,264,579,ฉะเชิงเทรา
2019-04-30,135,139,274,มุกดาหาร
2019-04-30,156,154,310,หนองคาย
2019-04-30,136,101,237,อุตรดิตถ์
2019-04-30,86,101,187,อุทัยธานี
2019-04-30,265,228,493,ลพบุรี
2019-04-30,3212,3097,6309,กรุงเทพมหานคร
2019-04-30,440,417,857,สุรินทร์
2019-04-30,94,108,202,ระนอง
2019-04-30,280,230,510,เพชรบูรณ์
2019-04-30,538,476,1014,สุราษฎร์ธานี
2019-04-30,250,230,480,ตรัง
2019-04-30,223,203,426,เลย
2019-04-30,698,673,1371,สงขลา
2019-04-30,321,301,622,พิษณุโลก
2019-04-30,414,409,823,ศรีสะเกษ
2019-04-30,1243,1111,2354,ชลบุรี
2019-04-30,110,95,205,ลำพูน
2019-04-30,680,694,1374,อุบลราชธานี
2019-04-30,337,342,679,สมุทรสาคร
2019-04-30,236,226,462,จันทบุรี
2019-04-30,161,150,311,ลำปาง
2019-04-30,778,683,1461,เชียงใหม่
2019-04-30,139,135,274,นครนายก
2019-04-30,259,275,534,สุพรรณบุรี
2019-04-30,535,503,1038,บุรีรัมย์
2019-04-30,365,326,691,กาญจนบุรี
2019-04-30,120,106,226,อำนาจเจริญ
2019-04-30,157,128,285,ยโสธร
2019-04-30,651,625,1276,ขอนแก่น
2019-04-30,467,460,927,ตาก
2019-04-30,227,214,441,ชุมพร
2019-04-30,81,53,134,สิงห์บุรี
2019-04-30,295,252,547,มหาสารคาม
2019-04-30,613,635,1248,นครศรีธรรมราช
2019-04-30,235,199,434,ปราจีนบุรี
2019-04-30,183,136,319,สตูล
2019-04-30,526,466,992,นราธิวาส
2019-04-30,180,136,316,พัทลุง
2019-04-30,341,295,636,นครสวรรค์
2019-04-30,348,366,714,ระยอง
2019-04-30,81,68,149,ชัยนาท
2019-04-30,359,324,683,ชัยภูมิ
2019-04-30,122,149,271,แม่ฮ่องสอน
2019-04-30,470,444,914,ยะลา
2019-04-30,144,138,282,พะเยา
2019-04-30,502,444,946,ปัตตานี
2019-04-30,244,271,515,กระบี่
2019-04-30,83,83,166,อ่างทอง
2019-04-30,386,382,768,สกลนคร
2019-04-30,331,274,605,พระนครศรีอยุธยา
2019-04-30,283,245,528,กาฬสินธุ์
2019-04-30,326,294,620,ภูเก็ต
2019-04-30,236,208,444,สระแก้ว
2019-04-30,29,58,87,สมุทรสงคราม
2019-04-30,229,177,406,ประจวบคีรีขันธ์
2019-04-30,549,487,1036,อุดรธานี
2019-04-30,334,313,647,นครปฐม
2019-04-30,138,130,268,น่าน
2019-04-30,220,199,419,นครพนม
2019-04-30,353,353,706,ราชบุรี
2019-04-30,100,91,191,ตราด
2019-04-30,99,96,195,พังงา
2019-04-30,544,530,1074,สมุทรปราการ
2019-04-30,430,428,858,ปทุมธานี
2019-04-30,152,145,297,พิจิตร
2019-05-31,322,288,610,นครปฐม
2019-05-31,656,599,1255,นครศรีธรรมราช
2019-05-31,167,152,319,หนองคาย
2019-05-31,340,351,691,นนทบุรี
2019-05-31,3498,3228,6726,กรุงเทพมหานคร
2019-05-31,165,145,310,สตูล
2019-05-31,460,461,921,ปัตตานี
2019-05-31,262,239,501,กระบี่
2019-05-31,133,135,268,แม่ฮ่องสอน
2019-05-31,39,38,77,สมุทรสงคราม
2019-05-31,299,312,611,พิษณุโลก
2019-05-31,216,233,449,เลย
2019-05-31,550,549,1099,นราธิวาส
2019-05-31,115,75,190,แพร่
2019-05-31,210,189,399,สระแก้ว
2019-05-31,270,248,518,จันทบุรี
2019-05-31,104,109,213,ระนอง
2019-05-31,441,439,880,ศรีสะเกษ
2019-05-31,347,325,672,ร้อยเอ็ด
2019-05-31,331,304,635,ชัยภูมิ
2019-05-31,91,102,193,ลำพูน
2019-05-31,509,415,924,ยะลา
2019-05-31,302,253,555,สระบุรี
2019-05-31,119,121,240,บึงกาฬ
2019-05-31,511,458,969,บุรีรัมย์
2019-05-31,272,240,512,ประจวบคีรีขันธ์
2019-05-31,387,369,756,สกลนคร
2019-05-31,146,119,265,พะเยา
2019-05-31,180,170,350,พัทลุง
2019-05-31,304,292,596,พระนครศรีอยุธยา
2019-05-31,199,246,445,ปราจีนบุรี
2019-05-31,303,242,545,กาฬสินธุ์
2019-05-31,334,298,632,ภูเก็ต
2019-05-31,240,235,475,มหาสารคาม
2019-05-31,1249,1171,2420,ชลบุรี
2019-05-31,514,508,1022,อุดรธานี
2019-05-31,360,351,711,ราชบุรี
2019-05-31,110,73,183,ตราด
2019-05-31,74,70,144,สิงห์บุรี
2019-05-31,104,90,194,อำนาจเจริญ
2019-05-31,88,80,168,พังงา
2019-05-31,208,211,419,ชุมพร
2019-05-31,444,413,857,ปทุมธานี
2019-05-31,83,71,154,ชัยนาท
2019-05-31,529,508,1037,ตาก
2019-05-31,300,276,576,สุพรรณบุรี
2019-05-31,344,308,652,สมุทรสาคร
2019-05-31,143,124,267,ยโสธร
2019-05-31,745,685,1430,อุบลราชธานี
2019-05-31,295,280,575,กาญจนบุรี
2019-05-31,97,71,168,อ่างทอง
2019-05-31,203,162,365,กำแพงเพชร
2019-05-31,806,704,1510,สงขลา
2019-05-31,131,153,284,สุโขทัย
2019-05-31,159,143,302,พิจิตร
2019-05-31,163,137,300,หนองบัวลำภู
2019-05-31,300,311,611,ฉะเชิงเทรา
2019-05-31,130,130,260,น่าน
2019-05-31,141,139,280,มุกดาหาร
2019-05-31,124,95,219,อุตรดิตถ์
2019-05-31,188,191,379,นครพนม
2019-05-31,98,82,180,อุทัยธานี
2019-05-31,163,143,306,นครนายก
2019-05-31,524,507,1031,สมุทรปราการ
2019-05-31,162,162,324,เพชรบุรี
2019-05-31,232,214,446,ลพบุรี
2019-05-31,145,150,295,ลำปาง
2019-05-31,447,397,844,สุรินทร์
2019-05-31,302,242,544,นครสวรรค์
2019-05-31,376,332,708,ระยอง
2019-05-31,277,246,523,ตรัง
2019-05-31,983,899,1882,นครราชสีมา
2019-05-31,541,488,1029,สุราษฎร์ธานี
2019-05-31,282,243,525,เพชรบูรณ์
2019-05-31,419,447,866,เชียงราย
2019-05-31,651,599,1250,ขอนแก่น
2019-05-31,747,682,1429,เชียงใหม่
2019-06-30,190,166,356,นครพนม
2019-06-30,160,150,310,พัทลุง
2019-06-30,141,146,287,ลำปาง
2019-06-30,99,87,186,อำนาจเจริญ
2019-06-30,214,197,411,มหาสารคาม
2019-06-30,280,278,558,นครสวรรค์
2019-06-30,115,140,255,พิจิตร
2019-06-30,293,265,558,กาญจนบุรี
2019-06-30,406,406,812,ปทุมธานี
2019-06-30,132,154,286,หนองคาย
2019-06-30,244,237,481,ฉะเชิงเทรา
2019-06-30,106,99,205,อุตรดิตถ์
2019-06-30,127,149,276,บึงกาฬ
2019-06-30,81,80,161,อุทัยธานี
2019-06-30,283,297,580,ร้อยเอ็ด
2019-06-30,143,128,271,นครนายก
2019-06-30,400,385,785,สุรินทร์
2019-06-30,479,445,924,สุราษฎร์ธานี
2019-06-30,227,199,426,ตรัง
2019-06-30,261,280,541,สมุทรสาคร
2019-06-30,278,244,522,สระบุรี
2019-06-30,3005,2910,5915,กรุงเทพมหานคร
2019-06-30,438,448,886,บุรีรัมย์
2019-06-30,281,266,547,พระนครศรีอยุธยา
2019-06-30,421,416,837,นราธิวาส
2019-06-30,168,164,332,แม่ฮ่องสอน
2019-06-30,301,277,578,ภูเก็ต
2019-06-30,77,89,166,ตราด
2019-06-30,25,27,52,สมุทรสงคราม
2019-06-30,96,94,190,ลำพูน
2019-06-30,78,67,145,พังงา
2019-06-30,273,238,511,พิษณุโลก
2019-06-30,59,81,140,อ่างทอง
2019-06-30,220,182,402,สระแก้ว
2019-06-30,288,286,574,นนทบุรี
2019-06-30,218,239,457,เพชรบูรณ์
2019-06-30,201,217,418,กระบี่
2019-06-30,580,541,1121,ขอนแก่น
2019-06-30,109,121,230,สุโขทัย
2019-06-30,229,241,470,กาฬสินธุ์
2019-06-30,393,416,809,ปัตตานี
2019-06-30,612,626,1238,เชียงใหม่
2019-06-30,324,296,620,ราชบุรี
2019-06-30,407,368,775,เชียงราย
2019-06-30,196,201,397,เลย
2019-06-30,324,311,635,สกลนคร
2019-06-30,177,211,388,ปราจีนบุรี
2019-06-30,271,283,554,สุพรรณบุรี
2019-06-30,403,385,788,ศรีสะเกษ
2019-06-30,125,133,258,มุกดาหาร
2019-06-30,170,172,342,กำแพงเพชร
2019-06-30,99,86,185,ระนอง
2019-06-30,481,501,982,ตาก
2019-06-30,61,48,109,สิงห์บุรี
2019-06-30,238,226,464,ประจวบคีรีขันธ์
2019-06-30,1065,1038,2103,ชลบุรี
2019-06-30,131,122,253,หนองบัวลำภู
2019-06-30,198,202,400,ชุมพร
2019-06-30,60,70,130,ชัยนาท
2019-06-30,500,471,971,สมุทรปราการ
2019-06-30,206,224,430,ลพบุรี
2019-06-30,133,125,258,ยโสธร
2019-06-30,598,596,1194,อุบลราชธานี
2019-06-30,131,130,261,สตูล
2019-06-30,359,288,647,ระยอง
2019-06-30,283,292,575,ชัยภูมิ
2019-06-30,99,117,216,พะเยา
2019-06-30,234,207,441,จันทบุรี
2019-06-30,388,417,805,ยะลา
2019-06-30,656,605,1261,สงขลา
2019-06-30,783,782,1565,นครราชสีมา
2019-06-30,567,536,1103,นครศรีธรรมราช
2019-06-30,109,133,242,เพชรบุรี
2019-06-30,304,253,557,นครปฐม
2019-06-30,504,444,948,อุดรธานี
2019-06-30,82,81,163,แพร่
2019-06-30,122,101,223,น่าน
2019-07-31,182,159,341,หนองบัวลำภู
2019-07-31,271,271,542,สุพรรณบุรี
2019-07-31,113,100,213,อุตรดิตถ์
2019-07-31,142,143,285,เพชรบุรี
2019-07-31,566,518,1084,ตาก
2019-07-31,370,399,769,ระยอง
2019-07-31,145,133,278,มุกดาหาร
2019-07-31,282,292,574,ฉะเชิงเทรา
2019-07-31,332,316,648,พระนครศรีอยุธยา
2019-07-31,98,95,193,อุทัยธานี
2019-07-31,295,272,567,สระบุรี
2019-07-31,281,244,525,ตรัง
2019-07-31,132,141,273,พิจิตร
2019-07-31,294,277,571,เพชรบูรณ์
2019-07-31,514,538,1052,สุราษฎร์ธานี
2019-07-31,137,152,289,ยโสธร
2019-07-31,375,318,693,สมุทรสาคร
2019-07-31,684,673,1357,อุบลราชธานี
2019-07-31,521,501,1022,บุรีรัมย์
2019-07-31,263,208,471,ลพบุรี
2019-07-31,992,894,1886,นครราชสีมา
2019-07-31,449,455,904,สุรินทร์
2019-07-31,89,63,152,พังงา
2019-07-31,157,125,282,นครนายก
2019-07-31,753,694,1447,สงขลา
2019-07-31,463,381,844,เชียงราย
2019-07-31,770,712,1482,เชียงใหม่
2019-07-31,390,374,764,สกลนคร
2019-07-31,438,434,872,ปทุมธานี
2019-07-31,124,123,247,พะเยา
2019-07-31,347,282,629,กาญจนบุรี
2019-07-31,561,500,1061,อุดรธานี
2019-07-31,504,470,974,นราธิวาส
2019-07-31,657,613,1270,ขอนแก่น
2019-07-31,119,116,235,แม่ฮ่องสอน
2019-07-31,250,265,515,กระบี่
2019-07-31,605,513,1118,สมุทรปราการ
2019-07-31,96,97,193,แพร่
2019-07-31,90,78,168,ชัยนาท
2019-07-31,34,33,67,สมุทรสงคราม
2019-07-31,327,319,646,ภูเก็ต
2019-07-31,165,158,323,ลำปาง
2019-07-31,124,130,254,ลำพูน
2019-07-31,257,236,493,จันทบุรี
2019-07-31,230,215,445,นครพนม
2019-07-31,151,153,304,สตูล
2019-07-31,633,615,1248,นครศรีธรรมราช
2019-07-31,443,435,878,ยะลา
2019-07-31,348,300,648,ชัยภูมิ
2019-07-31,146,137,283,น่าน
2019-07-31,326,282,608,นครปฐม
2019-07-31,76,80,156,อ่างทอง
2019-07-31,227,200,427,สระแก้ว
2019-07-31,113,91,204,อำนาจเจริญ
2019-07-31,290,249,539,กาฬสินธุ์
2019-07-31,504,426,930,ปัตตานี
2019-07-31,142,137,279,สุโขทัย
2019-07-31,222,226,448,ประจวบคีรีขันธ์
2019-07-31,1262,1116,2378,ชลบุรี
2019-07-31,162,158,320,หนองคาย
2019-07-31,116,114,230,ระนอง
2019-07-31,357,331,688,นนทบุรี
2019-07-31,72,71,143,สิงห์บุรี
2019-07-31,124,168,292,บึงกาฬ
2019-07-31,3406,3090,6496,กรุงเทพมหานคร
2019-07-31,238,245,483,มหาสารคาม
2019-07-31,381,339,720,ร้อยเอ็ด
2019-07-31,89,83,172,ตราด
2019-07-31,148,187,335,พัทลุง
2019-07-31,249,242,491,ปราจีนบุรี
2019-07-31,313,316,629,ราชบุรี
2019-07-31,320,293,613,พิษณุโลก
2019-07-31,215,248,463,เลย
2019-07-31,197,196,393,ชุมพร
2019-07-31,311,277,588,นครสวรรค์
2019-07-31,414,398,812,ศรีสะเกษ
2019-07-31,184,169,353,กำแพงเพชร
2019-08-31,93,93,186,ตราด
2019-08-31,779,749,1528,เชียงใหม่
2019-08-31,71,72,143,ชัยนาท
2019-08-31,367,366,733,ระยอง
2019-08-31,69,64,133,อ่างทอง
2019-08-31,466,427,893,ปทุมธานี
2019-08-31,140,137,277,น่าน
2019-08-31,204,213,417,นครพนม
2019-08-31,423,455,878,ยะลา
2019-08-31,553,554,1107,สมุทรปราการ
2019-08-31,654,574,1228,ขอนแก่น
2019-08-31,184,159,343,ลำปาง
2019-08-31,300,280,580,นครสวรรค์
2019-08-31,232,201,433,ชุมพร
2019-08-31,228,194,422,ปราจีนบุรี
2019-08-31,156,162,318,พัทลุง
2019-08-31,267,208,475,มหาสารคาม
2019-08-31,69,75,144,สิงห์บุรี
2019-08-31,284,290,574,สุพรรณบุรี
2019-08-31,528,489,1017,ตาก
2019-08-31,705,695,1400,อุบลราชธานี
2019-08-31,84,88,172,พังงา
2019-08-31,358,322,680,สมุทรสาคร
2019-08-31,139,141,280,ยโสธร
2019-08-31,236,221,457,ประจวบคีรีขันธ์
2019-08-31,721,654,1375,สงขลา
2019-08-31,116,133,249,สุโขทัย
2019-08-31,125,107,232,อุตรดิตถ์
2019-08-31,1210,1184,2394,ชลบุรี
2019-08-31,310,275,585,ฉะเชิงเทรา
2019-08-31,109,99,208,อุทัยธานี
2019-08-31,324,337,661,กาญจนบุรี
2019-08-31,93,115,208,ระนอง
2019-08-31,195,165,360,หนองคาย
2019-08-31,366,352,718,นนทบุรี
2019-08-31,125,172,297,บึงกาฬ
2019-08-31,451,429,880,ศรีสะเกษ
2019-08-31,321,319,640,ร้อยเอ็ด
2019-08-31,98,119,217,ลำพูน
2019-08-31,305,315,620,พิษณุโลก
2019-08-31,165,159,324,หนองบัวลำภู
2019-08-31,211,220,431,เลย
2019-08-31,3609,3282,6891,กรุงเทพมหานคร
2019-08-31,542,455,997,นราธิวาส
2019-08-31,177,178,355,แม่ฮ่องสอน
2019-08-31,249,243,492,กระบี่
2019-08-31,121,91,212,แพร่
2019-08-31,220,214,434,สระแก้ว
2019-08-31,41,38,79,สมุทรสงคราม
2019-08-31,256,220,476,จันทบุรี
2019-08-31,155,158,313,สตูล
2019-08-31,628,601,1229,นครศรีธรรมราช
2019-08-31,99,98,197,อำนาจเจริญ
2019-08-31,349,360,709,ชัยภูมิ
2019-08-31,355,282,637,นครปฐม
2019-08-31,482,408,890,ปัตตานี
2019-08-31,156,151,307,มุกดาหาร
2019-08-31,140,143,283,พิจิตร
2019-08-31,235,181,416,กำแพงเพชร
2019-08-31,263,238,501,สระบุรี
2019-08-31,151,163,314,เพชรบุรี
2019-08-31,343,281,624,พระนครศรีอยุธยา
2019-08-31,494,505,999,บุรีรัมย์
2019-08-31,165,128,293,นครนายก
2019-08-31,362,346,708,ราชบุรี
2019-08-31,911,914,1825,นครราชสีมา
2019-08-31,252,241,493,ตรัง
2019-08-31,287,281,568,กาฬสินธุ์
2019-08-31,303,299,602,เพชรบูรณ์
2019-08-31,225,240,465,ลพบุรี
2019-08-31,443,443,886,สุรินทร์
2019-08-31,303,276,579,ภูเก็ต
2019-08-31,481,510,991,สุราษฎร์ธานี
2019-08-31,494,476,970,เชียงราย
2019-08-31,435,418,853,สกลนคร
2019-08-31,565,556,1121,อุดรธานี
2019-08-31,129,119,248,พะเยา
2019-09-30,239,230,469,สระแก้ว
2019-09-30,485,423,908,สกลนคร
2019-09-30,529,540,1069,สมุทรปราการ
2019-09-30,406,380,786,ยะลา
2019-09-30,313,279,592,กาฬสินธุ์
2019-09-30,522,490,1012,บุรีรัมย์
2019-09-30,378,340,718,ราชบุรี
2019-09-30,747,742,1489,เชียงใหม่
2019-09-30,237,216,453,นครพนม
2019-09-30,402,428,830,ปัตตานี
2019-09-30,3420,3170,6590,กรุงเทพมหานคร
2019-09-30,303,303,606,ฉะเชิงเทรา
2019-09-30,311,277,588,เพชรบูรณ์
2019-09-30,978,896,1874,นครราชสีมา
2019-09-30,401,366,767,นนทบุรี
2019-09-30,184,153,337,พัทลุง
2019-09-30,462,452,914,ปทุมธานี
2019-09-30,483,467,950,นราธิวาส
2019-09-30,413,376,789,ร้อยเอ็ด
2019-09-30,314,322,636,นครปฐม
2019-09-30,246,197,443,ปราจีนบุรี
2019-09-30,301,312,613,สุพรรณบุรี
2019-09-30,157,135,292,นครนายก
2019-09-30,167,166,333,มุกดาหาร
2019-09-30,146,156,302,พิจิตร
2019-09-30,123,129,252,ลำพูน
2019-09-30,330,301,631,กาญจนบุรี
2019-09-30,127,111,238,อำนาจเจริญ
2019-09-30,748,672,1420,สงขลา
2019-09-30,255,239,494,ตรัง
2019-09-30,327,359,686,สมุทรสาคร
2019-09-30,149,132,281,พะเยา
2019-09-30,156,137,293,ยโสธร
2019-09-30,164,145,309,สุโขทัย
2019-09-30,121,124,245,อุตรดิตถ์
2019-09-30,260,229,489,ลพบุรี
2019-09-30,289,281,570,สระบุรี
2019-09-30,71,64,135,อ่างทอง
2019-09-30,570,606,1176,อุดรธานี
2019-09-30,534,490,1024,สุราษฎร์ธานี
2019-09-30,1271,1208,2479,ชลบุรี
2019-09-30,86,87,173,ตราด
2019-09-30,306,331,637,พระนครศรีอยุธยา
2019-09-30,204,175,379,หนองบัวลำภู
2019-09-30,106,121,227,ระนอง
2019-09-30,280,230,510,กระบี่
2019-09-30,309,302,611,พิษณุโลก
2019-09-30,206,187,393,ชุมพร
2019-09-30,108,106,214,อุทัยธานี
2019-09-30,162,151,313,บึงกาฬ
2019-09-30,488,397,885,สุรินทร์
2019-09-30,139,139,278,น่าน
2019-09-30,580,574,1154,นครศรีธรรมราช
2019-09-30,155,152,307,สตูล
2019-09-30,223,211,434,ประจวบคีรีขันธ์
2019-09-30,332,339,671,นครสวรรค์
2019-09-30,647,664,1311,ตาก
2019-09-30,71,72,143,สิงห์บุรี
2019-09-30,179,168,347,หนองคาย
2019-09-30,189,162,351,แม่ฮ่องสอน
2019-09-30,170,175,345,ลำปาง
2019-09-30,255,233,488,เลย
2019-09-30,489,428,917,ศรีสะเกษ
2019-09-30,779,757,1536,อุบลราชธานี
2019-09-30,388,378,766,ระยอง
2019-09-30,335,313,648,ชัยภูมิ
2019-09-30,314,313,627,ภูเก็ต
2019-09-30,183,165,348,เพชรบุรี
2019-09-30,38,46,84,สมุทรสงคราม
2019-09-30,207,178,385,กำแพงเพชร
2019-09-30,237,231,468,จันทบุรี
2019-09-30,113,88,201,แพร่
2019-09-30,514,485,999,เชียงราย
2019-09-30,270,267,537,มหาสารคาม
2019-09-30,74,86,160,พังงา
2019-09-30,700,671,1371,ขอนแก่น
2019-09-30,70,71,141,ชัยนาท
2019-10-31,315,271,586,เพชรบูรณ์
2019-10-31,187,170,357,หนองคาย
2019-10-31,335,324,659,ชัยภูมิ
2019-10-31,709,673,1382,ขอนแก่น
2019-10-31,381,375,756,ร้อยเอ็ด
2019-10-31,345,297,642,พิษณุโลก
2019-10-31,247,232,479,สระแก้ว
2019-10-31,137,106,243,ลำพูน
2019-10-31,250,234,484,ประจวบคีรีขันธ์
2019-10-31,669,639,1308,นครศรีธรรมราช
2019-10-31,327,330,657,นครปฐม
2019-10-31,1299,1184,2483,ชลบุรี
2019-10-31,80,83,163,ชัยนาท
2019-10-31,388,370,758,นนทบุรี
2019-10-31,515,466,981,ปัตตานี
2019-10-31,220,262,482,เลย
2019-10-31,450,462,912,ศรีสะเกษ
2019-10-31,102,81,183,ระนอง
2019-10-31,187,216,403,กำแพงเพชร
2019-10-31,525,434,959,เชียงราย
2019-10-31,123,100,223,แพร่
2019-10-31,43,39,82,สมุทรสงคราม
2019-10-31,257,255,512,จันทบุรี
2019-10-31,163,138,301,ยโสธร
2019-10-31,450,410,860,สกลนคร
2019-10-31,167,130,297,สุโขทัย
2019-10-31,168,162,330,มุกดาหาร
2019-10-31,83,80,163,อ่างทอง
2019-10-31,985,932,1917,นครราชสีมา
2019-10-31,239,251,490,ลพบุรี
2019-10-31,175,171,346,หนองบัวลำภู
2019-10-31,261,250,511,กระบี่
2019-10-31,169,159,328,สตูล
2019-10-31,588,596,1184,สมุทรปราการ
2019-10-31,147,172,319,พิจิตร
2019-10-31,339,297,636,สระบุรี
2019-10-31,625,557,1182,อุดรธานี
2019-10-31,535,514,1049,สุราษฎร์ธานี
2019-10-31,101,93,194,ตราด
2019-10-31,128,138,266,นครนายก
2019-10-31,320,316,636,สุพรรณบุรี
2019-10-31,309,309,618,กาฬสินธุ์
2019-10-31,383,384,767,สมุทรสาคร
2019-10-31,481,450,931,ปทุมธานี
2019-10-31,247,242,489,ปราจีนบุรี
2019-10-31,344,330,674,กาญจนบุรี
2019-10-31,307,273,580,ภูเก็ต
2019-10-31,97,82,179,พังงา
2019-10-31,872,799,1671,เชียงใหม่
2019-10-31,172,180,352,พัทลุง
2019-10-31,251,258,509,มหาสารคาม
2019-10-31,74,56,130,สิงห์บุรี
2019-10-31,426,378,804,ระยอง
2019-10-31,318,287,605,นครสวรรค์
2019-10-31,820,696,1516,อุบลราชธานี
2019-10-31,160,172,332,ลำปาง
2019-10-31,140,93,233,อำนาจเจริญ
2019-10-31,231,235,466,นครพนม
2019-10-31,610,583,1193,ตาก
2019-10-31,527,509,1036,บุรีรัมย์
2019-10-31,331,315,646,พระนครศรีอยุธยา
2019-10-31,382,342,724,ราชบุรี
2019-10-31,474,453,927,ยะลา
2019-10-31,548,457,1005,นราธิวาส
2019-10-31,132,136,268,พะเยา
2019-10-31,335,283,618,ฉะเชิงเทรา
2019-10-31,112,133,245,อุตรดิตถ์
2019-10-31,164,156,320,แม่ฮ่องสอน
2019-10-31,3571,3387,6958,กรุงเทพมหานคร
2019-10-31,519,454,973,สุรินทร์
2019-10-31,250,233,483,ตรัง
2019-10-31,155,147,302,น่าน
2019-10-31,705,708,1413,สงขลา
2019-10-31,149,162,311,บึงกาฬ
2019-10-31,211,216,427,ชุมพร
2019-10-31,123,96,219,อุทัยธานี
2019-10-31,170,152,322,เพชรบุรี
2019-11-30,433,354,787,ศรีสะเกษ
2019-11-30,149,130,279,เพชรบุรี
2019-11-30,544,524,1068,อุดรธานี
2019-11-30,639,589,1228,ขอนแก่น
2019-11-30,431,412,843,ยะลา
2019-11-30,690,652,1342,อุบลราชธานี
2019-11-30,67,79,146,ชัยนาท
2019-11-30,343,303,646,นนทบุรี
2019-11-30,362,349,711,ระยอง
2019-11-30,852,855,1707,นครราชสีมา
2019-11-30,180,154,334,กำแพงเพชร
2019-11-30,66,77,143,สิงห์บุรี
2019-11-30,199,167,366,ชุมพร
2019-11-30,215,186,401,ประจวบคีรีขันธ์
2019-11-30,146,149,295,ยโสธร
2019-11-30,272,240,512,เพชรบูรณ์
2019-11-30,233,203,436,ปราจีนบุรี
2019-11-30,138,133,271,สุโขทัย
2019-11-30,265,277,542,สุพรรณบุรี
2019-11-30,277,263,540,กาฬสินธุ์
2019-11-30,136,130,266,พะเยา
2019-11-30,133,110,243,น่าน
2019-11-30,534,507,1041,สมุทรปราการ
2019-11-30,242,214,456,ลพบุรี
2019-11-30,1111,1076,2187,ชลบุรี
2019-11-30,733,704,1437,เชียงใหม่
2019-11-30,732,635,1367,สงขลา
2019-11-30,86,68,154,อ่างทอง
2019-11-30,328,286,614,ราชบุรี
2019-11-30,199,177,376,หนองคาย
2019-11-30,291,277,568,ชัยภูมิ
2019-11-30,95,88,183,อุทัยธานี
2019-11-30,151,126,277,แม่ฮ่องสอน
2019-11-30,269,256,525,ฉะเชิงเทรา
2019-11-30,108,101,209,อุตรดิตถ์
2019-11-30,3175,3065,6240,กรุงเทพมหานคร
2019-11-30,446,418,864,สุรินทร์
2019-11-30,253,245,498,ตรัง
2019-11-30,138,141,279,บึงกาฬ
2019-11-30,277,226,503,สระบุรี
2019-11-30,492,471,963,สุราษฎร์ธานี
2019-11-30,273,282,555,พระนครศรีอยุธยา
2019-11-30,579,635,1214,นครศรีธรรมราช
2019-11-30,514,510,1024,บุรีรัมย์
2019-11-30,135,106,241,นครนายก
2019-11-30,312,263,575,กาญจนบุรี
2019-11-30,331,330,661,สมุทรสาคร
2019-11-30,441,400,841,ปทุมธานี
2019-11-30,303,299,602,ภูเก็ต
2019-11-30,169,154,323,พัทลุง
2019-11-30,242,221,463,มหาสารคาม
2019-11-30,109,73,182,พังงา
2019-11-30,257,274,531,นครสวรรค์
2019-11-30,158,188,346,ลำปาง
2019-11-30,90,102,192,อำนาจเจริญ
2019-11-30,192,201,393,นครพนม
2019-11-30,139,131,270,พิจิตร
2019-11-30,79,97,176,ตราด
2019-11-30,247,280,527,พิษณุโลก
2019-11-30,505,437,942,นราธิวาส
2019-11-30,143,161,304,มุกดาหาร
2019-11-30,307,311,618,ร้อยเอ็ด
2019-11-30,586,594,1180,ตาก
2019-11-30,295,313,608,นครปฐม
2019-11-30,155,129,284,สตูล
2019-11-30,147,169,316,หนองบัวลำภู
2019-11-30,33,41,74,สมุทรสงคราม
2019-11-30,87,101,188,แพร่
2019-11-30,503,509,1012,เชียงราย
2019-11-30,79,88,167,ระนอง
2019-11-30,245,199,444,จันทบุรี
2019-11-30,359,369,728,สกลนคร
2019-11-30,123,109,232,ลำพูน
2019-11-30,204,221,425,สระแก้ว
2019-11-30,231,214,445,เลย
2019-11-30,434,430,864,ปัตตานี
2019-11-30,239,222,461,กระบี่
2019-12-31,487,473,960,เชียงราย
2019-12-31,312,289,601,ราชบุรี
2019-12-31,268,235,503,สุพรรณบุรี
2019-12-31,220,205,425,นครพนม
2019-12-31,198,194,392,ปราจีนบุรี
2019-12-31,80,98,178,ระนอง
2019-12-31,119,91,210,อำนาจเจริญ
2019-12-31,64,53,117,สิงห์บุรี
2019-12-31,186,195,381,กำแพงเพชร
2019-12-31,292,268,560,ภูเก็ต
2019-12-31,284,255,539,กาญจนบุรี
2019-12-31,84,81,165,พังงา
2019-12-31,287,247,534,นครสวรรค์
2019-12-31,147,137,284,ยโสธร
2019-12-31,246,255,501,สระบุรี
2019-12-31,382,397,779,สกลนคร
2019-12-31,623,551,1174,ขอนแก่น
2019-12-31,600,560,1160,นครศรีธรรมราช
2019-12-31,233,225,458,กระบี่
2019-12-31,277,282,559,ชัยภูมิ
2019-12-31,102,79,181,อุทัยธานี
2019-12-31,139,113,252,แม่ฮ่องสอน
2019-12-31,228,210,438,ประจวบคีรีขันธ์
2019-12-31,58,47,105,ชัยนาท
2019-12-31,490,449,939,สมุทรปราการ
2019-12-31,109,119,228,นครนายก
2019-12-31,397,405,802,ยะลา
2019-12-31,3138,2878,6016,กรุงเทพมหานคร
2019-12-31,134,165,299,น่าน
2019-12-31,1067,1004,2071,ชลบุรี
2019-12-31,124,134,258,บึงกาฬ
2019-12-31,226,177,403,สระแก้ว
2019-12-31,156,148,304,หนองบัวลำภู
2019-12-31,507,481,988,สุราษฎร์ธานี
2019-12-31,197,237,434,ชุมพร
2019-12-31,144,136,280,มุกดาหาร
2019-12-31,506,476,982,นราธิวาส
2019-12-31,533,456,989,ตาก
2019-12-31,687,673,1360,อุบลราชธานี
2019-12-31,283,237,520,พระนครศรีอยุธยา
2019-12-31,130,134,264,พะเยา
2019-12-31,260,259,519,ฉะเชิงเทรา
2019-12-31,234,226,460,มหาสารคาม
2019-12-31,73,76,149,อ่างทอง
2019-12-31,334,317,651,นนทบุรี
2019-12-31,173,155,328,พัทลุง
2019-12-31,134,129,263,เพชรบุรี
2019-12-31,694,650,1344,สงขลา
2019-12-31,142,135,277,สตูล
2019-12-31,839,767,1606,นครราชสีมา
2019-12-31,96,95,191,แพร่
2019-12-31,414,373,787,ปทุมธานี
2019-12-31,328,259,587,สมุทรสาคร
2019-12-31,125,114,239,อุตรดิตถ์
2019-12-31,283,214,497,เพชรบูรณ์
2019-12-31,210,187,397,เลย
2019-12-31,458,402,860,ปัตตานี
2019-12-31,398,420,818,สุรินทร์
2019-12-31,208,195,403,ลพบุรี
2019-12-31,133,118,251,สุโขทัย
2019-12-31,244,235,479,ตรัง
2019-12-31,77,86,163,ตราด
2019-12-31,523,491,1014,บุรีรัมย์
2019-12-31,284,263,547,นครปฐม
2019-12-31,208,222,430,จันทบุรี
2019-12-31,405,398,803,ศรีสะเกษ
2019-12-31,339,302,641,ระยอง
2019-12-31,328,311,639,พิษณุโลก
2019-12-31,732,747,1479,เชียงใหม่
2019-12-31,328,327,655,ร้อยเอ็ด
2019-12-31,268,248,516,กาฬสินธุ์
2019-12-31,123,131,254,ลำพูน
2019-12-31,25,27,52,สมุทรสงคราม
2019-12-31,165,156,321,ลำปาง
2019-12-31,174,175,349,หนองคาย
2019-12-31,138,138,276,พิจิตร
2019-12-31,552,509,1061,อุดรธานี
2020-01-31,414,425,839,สุรินทร์
2020-01-31,221,199,420,เลย
2020-01-31,361,324,685,นนทบุรี
2020-01-31,297,286,583,พิษณุโลก
2020-01-31,96,92,188,ระนอง
2020-01-31,170,166,336,แม่ฮ่องสอน
2020-01-31,148,130,278,บึงกาฬ
2020-01-31,617,551,1168,นครศรีธรรมราช
2020-01-31,307,312,619,ราชบุรี
2020-01-31,482,450,932,ปัตตานี
2020-01-31,79,74,153,ชัยนาท
2020-01-31,245,228,473,ตรัง
2020-01-31,232,241,473,นครพนม
2020-01-31,284,273,557,นครปฐม
2020-01-31,323,318,641,ร้อยเอ็ด
2020-01-31,270,219,489,จันทบุรี
2020-01-31,165,152,317,หนองบัวลำภู
2020-01-31,508,461,969,ตาก
2020-01-31,271,288,559,ฉะเชิงเทรา
2020-01-31,36,40,76,สมุทรสงคราม
2020-01-31,510,481,991,เชียงราย
2020-01-31,228,202,430,สระแก้ว
2020-01-31,130,114,244,มุกดาหาร
2020-01-31,104,108,212,อุตรดิตถ์
2020-01-31,104,94,198,แพร่
2020-01-31,532,486,1018,นราธิวาส
2020-01-31,112,89,201,อุทัยธานี
2020-01-31,395,367,762,สกลนคร
2020-01-31,3370,3065,6435,กรุงเทพมหานคร
2020-01-31,145,124,269,สตูล
2020-01-31,272,258,530,กระบี่
2020-01-31,347,287,634,ชัยภูมิ
2020-01-31,282,259,541,สระบุรี
2020-01-31,149,172,321,หนองคาย
2020-01-31,115,118,233,ลำพูน
2020-01-31,85,82,167,อ่างทอง
2020-01-31,530,483,1013,สุราษฎร์ธานี
2020-01-31,298,274,572,พระนครศรีอยุธยา
2020-01-31,533,552,1085,สมุทรปราการ
2020-01-31,168,142,310,พัทลุง
2020-01-31,432,395,827,ศรีสะเกษ
2020-01-31,138,147,285,เพชรบุรี
2020-01-31,236,247,483,มหาสารคาม
2020-01-31,103,93,196,พังงา
2020-01-31,140,132,272,น่าน
2020-01-31,137,121,258,พะเยา
2020-01-31,301,306,607,ภูเก็ต
2020-01-31,553,520,1073,อุดรธานี
2020-01-31,724,687,1411,สงขลา
2020-01-31,217,192,409,ชุมพร
2020-01-31,382,341,723,ระยอง
2020-01-31,290,272,562,กาฬสินธุ์
2020-01-31,272,252,524,สุพรรณบุรี
2020-01-31,325,272,597,นครสวรรค์
2020-01-31,262,194,456,ปราจีนบุรี
2020-01-31,116,118,234,อำนาจเจริญ
2020-01-31,54,77,131,สิงห์บุรี
2020-01-31,860,850,1710,เชียงใหม่
2020-01-31,726,631,1357,อุบลราชธานี
2020-01-31,141,130,271,พิจิตร
2020-01-31,161,161,322,ลำปาง
2020-01-31,462,409,871,ปทุมธานี
2020-01-31,444,428,872,ยะลา
2020-01-31,258,215,473,ลพบุรี
2020-01-31,119,137,256,นครนายก
2020-01-31,154,157,311,ยโสธร
2020-01-31,236,196,432,ประจวบคีรีขันธ์
2020-01-31,302,302,604,กาญจนบุรี
2020-01-31,1151,1054,2205,ชลบุรี
2020-01-31,534,469,1003,บุรีรัมย์
2020-01-31,84,87,171,ตราด
2020-01-31,610,577,1187,ขอนแก่น
2020-01-31,337,316,653,สมุทรสาคร
2020-01-31,168,122,290,สุโขทัย
2020-01-31,887,846,1733,นครราชสีมา
2020-01-31,194,190,384,กำแพงเพชร
2020-01-31,261,252,513,เพชรบูรณ์
2020-02-29,82,78,160,อุทัยธานี
2020-02-29,261,235,496,ชัยภูมิ
2020-02-29,243,204,447,นครสวรรค์
2020-02-29,375,351,726,ปทุมธานี
2020-02-29,138,145,283,หนองคาย
2020-02-29,356,379,735,บุรีรัมย์
2020-02-29,120,104,224,พิจิตร
2020-02-29,246,215,461,พระนครศรีอยุธยา
2020-02-29,287,217,504,พิษณุโลก
2020-02-29,94,79,173,อำนาจเจริญ
2020-02-29,228,198,426,ตรัง
2020-02-29,114,107,221,บึงกาฬ
2020-02-29,278,271,549,สมุทรสาคร
2020-02-29,2843,2696,5539,กรุงเทพมหานคร
2020-02-29,438,426,864,นราธิวาส
2020-02-29,126,133,259,พัทลุง
2020-02-29,89,83,172,อุตรดิตถ์
2020-02-29,407,318,725,สุรินทร์
2020-02-29,262,227,489,กาญจนบุรี
2020-02-29,66,62,128,ตราด
2020-02-29,92,93,185,นครนายก
2020-02-29,255,270,525,ภูเก็ต
2020-02-29,199,189,388,มหาสารคาม
2020-02-29,238,246,484,ฉะเชิงเทรา
2020-02-29,264,267,531,นครปฐม
2020-02-29,116,111,227,แม่ฮ่องสอน
2020-02-29,134,145,279,ลำปาง
2020-02-29,72,61,133,พังงา
2020-02-29,374,369,743,ตาก
2020-02-29,110,113,223,หนองบัวลำภู
2020-02-29,179,163,342,นครพนม
2020-02-29,170,165,335,สระแก้ว
2020-02-29,464,427,891,อุดรธานี
2020-02-29,278,285,563,ราชบุรี
2020-02-29,376,376,752,ปัตตานี
2020-02-29,55,52,107,ชัยนาท
2020-02-29,266,246,512,นนทบุรี
2020-02-29,361,324,685,ศรีสะเกษ
2020-02-29,131,128,259,กำแพงเพชร
2020-02-29,101,91,192,พะเยา
2020-02-29,117,124,241,ยโสธร
2020-02-29,453,415,868,สุราษฎร์ธานี
2020-02-29,108,114,222,สุโขทัย
2020-02-29,196,172,368,ลพบุรี
2020-02-29,304,267,571,ระยอง
2020-02-29,129,110,239,น่าน
2020-02-29,961,887,1848,ชลบุรี
2020-02-29,132,101,233,เพชรบุรี
2020-02-29,192,177,369,ประจวบคีรีขันธ์
2020-02-29,663,562,1225,สงขลา
2020-02-29,236,211,447,เพชรบูรณ์
2020-02-29,368,396,764,ยะลา
2020-02-29,724,692,1416,นครราชสีมา
2020-02-29,500,504,1004,ขอนแก่น
2020-02-29,80,68,148,ระนอง
2020-02-29,176,175,351,เลย
2020-02-29,169,145,314,ชุมพร
2020-02-29,78,65,143,แพร่
2020-02-29,483,548,1031,นครศรีธรรมราช
2020-02-29,300,256,556,ร้อยเอ็ด
2020-02-29,209,211,420,สระบุรี
2020-02-29,585,494,1079,อุบลราชธานี
2020-02-29,57,50,107,สิงห์บุรี
2020-02-29,198,170,368,กระบี่
2020-02-29,94,92,186,ลำพูน
2020-02-29,641,618,1259,เชียงใหม่
2020-02-29,25,32,57,สมุทรสงคราม
2020-02-29,187,179,366,จันทบุรี
2020-02-29,171,196,367,ปราจีนบุรี
2020-02-29,198,210,408,กาฬสินธุ์
2020-02-29,67,65,132,อ่างทอง
2020-02-29,140,118,258,สตูล
2020-02-29,251,215,466,สุพรรณบุรี
2020-02-29,315,310,625,สกลนคร
2020-02-29,424,400,824,เชียงราย
2020-02-29,435,378,813,สมุทรปราการ
2020-02-29,104,108,212,มุกดาหาร
2020-03-31,309,266,575,ภูเก็ต
2020-03-31,122,137,259,พิจิตร
2020-03-31,137,109,246,พะเยา
2020-03-31,645,643,1288,เชียงใหม่
2020-03-31,240,256,496,สุพรรณบุรี
2020-03-31,172,150,322,ชุมพร
2020-03-31,138,133,271,ลำปาง
2020-03-31,454,442,896,ยะลา
2020-03-31,498,455,953,ตาก
2020-03-31,287,252,539,นครสวรรค์
2020-03-31,161,135,296,เพชรบุรี
2020-03-31,492,445,937,สุราษฎร์ธานี
2020-03-31,133,121,254,น่าน
2020-03-31,264,220,484,พิษณุโลก
2020-03-31,237,232,469,กระบี่
2020-03-31,89,99,188,อุทัยธานี
2020-03-31,101,119,220,ลำพูน
2020-03-31,105,95,200,อุตรดิตถ์
2020-03-31,30,30,60,สมุทรสงคราม
2020-03-31,277,250,527,นครปฐม
2020-03-31,457,398,855,เชียงราย
2020-03-31,126,114,240,มุกดาหาร
2020-03-31,517,523,1040,นราธิวาส
2020-03-31,170,147,317,สตูล
2020-03-31,94,90,184,แพร่
2020-03-31,84,93,177,ระนอง
2020-03-31,164,141,305,แม่ฮ่องสอน
2020-03-31,319,313,632,ราชบุรี
2020-03-31,470,478,948,ปัตตานี
2020-03-31,236,207,443,ตรัง
2020-03-31,180,167,347,กำแพงเพชร
2020-03-31,343,322,665,สมุทรสาคร
2020-03-31,712,656,1368,สงขลา
2020-03-31,228,204,432,ประจวบคีรีขันธ์
2020-03-31,301,324,625,กาญจนบุรี
2020-03-31,269,194,463,เพชรบูรณ์
2020-03-31,155,159,314,พัทลุง
2020-03-31,135,116,251,สุโขทัย
2020-03-31,214,185,399,นครพนม
2020-03-31,69,77,146,สิงห์บุรี
2020-03-31,441,416,857,บุรีรัมย์
2020-03-31,295,292,587,ชัยภูมิ
2020-03-31,236,209,445,มหาสารคาม
2020-03-31,599,527,1126,นครศรีธรรมราช
2020-03-31,405,358,763,ศรีสะเกษ
2020-03-31,136,106,242,บึงกาฬ
2020-03-31,277,227,504,สระบุรี
2020-03-31,563,550,1113,ขอนแก่น
2020-03-31,71,67,138,ตราด
2020-03-31,349,347,696,นนทบุรี
2020-03-31,130,143,273,นครนายก
2020-03-31,248,223,471,กาฬสินธุ์
2020-03-31,63,66,129,ชัยนาท
2020-03-31,297,255,552,พระนครศรีอยุธยา
2020-03-31,209,199,408,ลพบุรี
2020-03-31,194,141,335,หนองคาย
2020-03-31,93,87,180,อำนาจเจริญ
2020-03-31,266,246,512,ฉะเชิงเทรา
2020-03-31,403,391,794,สุรินทร์
2020-03-31,3161,2909,6070,กรุงเทพมหานคร
2020-03-31,543,463,1006,สมุทรปราการ
2020-03-31,59,70,129,อ่างทอง
2020-03-31,79,92,171,พังงา
2020-03-31,665,629,1294,อุบลราชธานี
2020-03-31,349,345,694,สกลนคร
2020-03-31,1073,1056,2129,ชลบุรี
2020-03-31,888,801,1689,นครราชสีมา
2020-03-31,148,134,282,ยโสธร
2020-03-31,383,385,768,ปทุมธานี
2020-03-31,326,301,627,ร้อยเอ็ด
2020-03-31,225,180,405,ปราจีนบุรี
2020-03-31,137,140,277,หนองบัวลำภู
2020-03-31,193,211,404,สระแก้ว
2020-03-31,343,343,686,ระยอง
2020-03-31,186,175,361,เลย
2020-03-31,214,210,424,จันทบุรี
2020-03-31,496,465,961,อุดรธานี
2020-04-30,135,149,284,หนองคาย
2020-04-30,535,495,1030,สมุทรปราการ
2020-04-30,285,241,526,ฉะเชิงเทรา
2020-04-30,293,277,570,สุพรรณบุรี
2020-04-30,227,211,438,ปราจีนบุรี
2020-04-30,133,142,275,หนองบัวลำภู
2020-04-30,74,70,144,ชัยนาท
2020-04-30,162,148,310,สตูล
2020-04-30,448,402,850,ยะลา
2020-04-30,130,121,251,แม่ฮ่องสอน
2020-04-30,111,123,234,มุกดาหาร
2020-04-30,146,115,261,บึงกาฬ
2020-04-30,551,506,1057,นครศรีธรรมราช
2020-04-30,403,405,808,เชียงราย
2020-04-30,522,446,968,สุราษฎร์ธานี
2020-04-30,431,459,890,บุรีรัมย์
2020-04-30,318,253,571,นครปฐม
2020-04-30,76,77,153,อ่างทอง
2020-04-30,158,113,271,พิจิตร
2020-04-30,371,319,690,สกลนคร
2020-04-30,213,168,381,นครพนม
2020-04-30,234,212,446,ตรัง
2020-04-30,98,95,193,พังงา
2020-04-30,215,189,404,ประจวบคีรีขันธ์
2020-04-30,1115,1083,2198,ชลบุรี
2020-04-30,230,228,458,จันทบุรี
2020-04-30,44,36,80,สมุทรสงคราม
2020-04-30,410,407,817,ปทุมธานี
2020-04-30,163,143,306,พัทลุง
2020-04-30,356,309,665,นนทบุรี
2020-04-30,407,389,796,ตาก
2020-04-30,135,141,276,ยโสธร
2020-04-30,169,167,336,กำแพงเพชร
2020-04-30,343,299,642,ร้อยเอ็ด
2020-04-30,124,98,222,ลำพูน
2020-04-30,147,147,294,เพชรบุรี
2020-04-30,363,316,679,ระยอง
2020-04-30,655,597,1252,อุบลราชธานี
2020-04-30,471,458,929,ปัตตานี
2020-04-30,114,88,202,อุทัยธานี
2020-04-30,227,225,452,มหาสารคาม
2020-04-30,304,277,581,พิษณุโลก
2020-04-30,376,365,741,สุรินทร์
2020-04-30,115,95,210,อำนาจเจริญ
2020-04-30,301,300,601,นครสวรรค์
2020-04-30,307,271,578,พระนครศรีอยุธยา
2020-04-30,224,269,493,กาฬสินธุ์
2020-04-30,671,605,1276,เชียงใหม่
2020-04-30,66,71,137,ตราด
2020-04-30,341,318,659,สมุทรสาคร
2020-04-30,215,206,421,กระบี่
2020-04-30,258,233,491,สระบุรี
2020-04-30,353,258,611,ชัยภูมิ
2020-04-30,132,129,261,สุโขทัย
2020-04-30,442,395,837,ศรีสะเกษ
2020-04-30,151,146,297,ลำปาง
2020-04-30,259,256,515,ภูเก็ต
2020-04-30,72,58,130,ระนอง
2020-04-30,96,82,178,อุตรดิตถ์
2020-04-30,711,645,1356,สงขลา
2020-04-30,546,527,1073,ขอนแก่น
2020-04-30,254,245,499,เพชรบูรณ์
2020-04-30,873,754,1627,นครราชสีมา
2020-04-30,3007,2800,5807,กรุงเทพมหานคร
2020-04-30,486,508,994,นราธิวาส
2020-04-30,132,112,244,พะเยา
2020-04-30,473,412,885,อุดรธานี
2020-04-30,62,65,127,สิงห์บุรี
2020-04-30,139,146,285,นครนายก
2020-04-30,139,131,270,น่าน
2020-04-30,77,90,167,แพร่
2020-04-30,305,291,596,กาญจนบุรี
2020-04-30,216,176,392,สระแก้ว
2020-04-30,188,195,383,ชุมพร
2020-04-30,219,228,447,ลพบุรี
2020-04-30,342,300,642,ราชบุรี
2020-04-30,213,187,400,เลย
2020-05-31,554,564,1118,ขอนแก่น
2020-05-31,540,539,1079,นครศรีธรรมราช
2020-05-31,415,409,824,ยะลา
2020-05-31,329,304,633,นครสวรรค์
2020-05-31,495,468,963,ปัตตานี
2020-05-31,91,86,177,อุทัยธานี
2020-05-31,304,280,584,ฉะเชิงเทรา
2020-05-31,62,84,146,สิงห์บุรี
2020-05-31,129,92,221,บึงกาฬ
2020-05-31,239,216,455,มหาสารคาม
2020-05-31,110,108,218,แม่ฮ่องสอน
2020-05-31,184,178,362,ชุมพร
2020-05-31,530,448,978,สมุทรปราการ
2020-05-31,115,126,241,น่าน
2020-05-31,170,152,322,ลำปาง
2020-05-31,393,365,758,ศรีสะเกษ
2020-05-31,3110,2889,5999,กรุงเทพมหานคร
2020-05-31,294,277,571,ชัยภูมิ
2020-05-31,119,120,239,อำนาจเจริญ
2020-05-31,283,259,542,พระนครศรีอยุธยา
2020-05-31,221,220,441,ลพบุรี
2020-05-31,214,239,453,ตรัง
2020-05-31,421,372,793,สุรินทร์
2020-05-31,255,257,512,กาฬสินธุ์
2020-05-31,283,267,550,กาญจนบุรี
2020-05-31,281,267,548,พิษณุโลก
2020-05-31,672,632,1304,เชียงใหม่
2020-05-31,81,97,178,พังงา
2020-05-31,99,71,170,ตราด
2020-05-31,532,519,1051,นราธิวาส
2020-05-31,247,276,523,ภูเก็ต
2020-05-31,149,134,283,นครนายก
2020-05-31,351,297,648,สมุทรสาคร
2020-05-31,234,226,460,กระบี่
2020-05-31,137,136,273,หนองคาย
2020-05-31,258,270,528,นครปฐม
2020-05-31,206,201,407,ประจวบคีรีขันธ์
2020-05-31,255,241,496,สระบุรี
2020-05-31,96,98,194,อุตรดิตถ์
2020-05-31,122,113,235,สุโขทัย
2020-05-31,507,439,946,สุราษฎร์ธานี
2020-05-31,381,329,710,นนทบุรี
2020-05-31,660,607,1267,สงขลา
2020-05-31,214,175,389,ปราจีนบุรี
2020-05-31,165,152,317,พัทลุง
2020-05-31,398,391,789,ตาก
2020-05-31,447,394,841,เชียงราย
2020-05-31,210,200,410,เลย
2020-05-31,241,255,496,เพชรบูรณ์
2020-05-31,112,116,228,พะเยา
2020-05-31,444,431,875,ปทุมธานี
2020-05-31,225,206,431,สระแก้ว
2020-05-31,110,101,211,มุกดาหาร
2020-05-31,887,783,1670,นครราชสีมา
2020-05-31,331,335,666,สกลนคร
2020-05-31,277,289,566,สุพรรณบุรี
2020-05-31,308,332,640,ร้อยเอ็ด
2020-05-31,161,139,300,หนองบัวลำภู
2020-05-31,469,468,937,อุดรธานี
2020-05-31,618,581,1199,อุบลราชธานี
2020-05-31,133,133,266,ยโสธร
2020-05-31,101,110,211,ลำพูน
2020-05-31,151,140,291,เพชรบุรี
2020-05-31,464,430,894,บุรีรัมย์
2020-05-31,1085,987,2072,ชลบุรี
2020-05-31,76,96,172,ระนอง
2020-05-31,385,354,739,ระยอง
2020-05-31,186,170,356,นครพนม
2020-05-31,154,150,304,พิจิตร
2020-05-31,68,60,128,ชัยนาท
2020-05-31,60,58,118,อ่างทอง
2020-05-31,350,297,647,ราชบุรี
2020-05-31,47,32,79,สมุทรสงคราม
2020-05-31,231,228,459,จันทบุรี
2020-05-31,166,196,362,กำแพงเพชร
2020-05-31,72,86,158,แพร่
2020-05-31,150,144,294,สตูล
2020-06-30,308,252,560,กาญจนบุรี
2020-06-30,311,339,650,ร้อยเอ็ด
2020-06-30,320,316,636,นครสวรรค์
2020-06-30,92,97,189,ลำพูน
2020-06-30,304,291,595,พระนครศรีอยุธยา
2020-06-30,264,228,492,กระบี่
2020-06-30,160,144,304,เพชรบุรี
2020-06-30,208,207,415,นครพนม
2020-06-30,481,444,925,อุดรธานี
2020-06-30,711,662,1373,เชียงใหม่
2020-06-30,247,223,470,ตรัง
2020-06-30,67,85,152,ตราด
2020-06-30,312,255,567,กาฬสินธุ์
2020-06-30,378,321,699,ระยอง
2020-06-30,206,210,416,สระแก้ว
2020-06-30,325,317,642,สมุทรสาคร
2020-06-30,232,230,462,ประจวบคีรีขันธ์
2020-06-30,90,99,189,อุทัยธานี
2020-06-30,1128,1043,2171,ชลบุรี
2020-06-30,337,347,684,นนทบุรี
2020-06-30,254,262,516,จันทบุรี
2020-06-30,215,191,406,ชุมพร
2020-06-30,456,405,861,ปัตตานี
2020-06-30,38,33,71,สมุทรสงคราม
2020-06-30,229,240,469,มหาสารคาม
2020-06-30,153,138,291,ยโสธร
2020-06-30,408,404,812,ปทุมธานี
2020-06-30,69,57,126,สิงห์บุรี
2020-06-30,296,289,585,ราชบุรี
2020-06-30,139,122,261,ลำปาง
2020-06-30,185,163,348,พัทลุง
2020-06-30,383,386,769,ตาก
2020-06-30,435,420,855,ศรีสะเกษ
2020-06-30,117,115,232,พะเยา
2020-06-30,141,114,255,สุโขทัย
2020-06-30,302,298,600,ชัยภูมิ
2020-06-30,662,609,1271,อุบลราชธานี
2020-06-30,219,225,444,ลพบุรี
2020-06-30,152,144,296,นครนายก
2020-06-30,172,159,331,กำแพงเพชร
2020-06-30,236,241,477,สระบุรี
2020-06-30,96,84,180,ระนอง
2020-06-30,313,270,583,ฉะเชิงเทรา
2020-06-30,497,476,973,สุราษฎร์ธานี
2020-06-30,82,91,173,พังงา
2020-06-30,597,569,1166,นครศรีธรรมราช
2020-06-30,159,128,287,พิจิตร
2020-06-30,485,450,935,นราธิวาส
2020-06-30,274,272,546,ภูเก็ต
2020-06-30,87,93,180,แพร่
2020-06-30,150,148,298,หนองบัวลำภู
2020-06-30,237,207,444,ปราจีนบุรี
2020-06-30,164,168,332,หนองคาย
2020-06-30,281,266,547,สุพรรณบุรี
2020-06-30,517,471,988,บุรีรัมย์
2020-06-30,305,288,593,นครปฐม
2020-06-30,3038,2767,5805,กรุงเทพมหานคร
2020-06-30,95,128,223,อุตรดิตถ์
2020-06-30,913,818,1731,นครราชสีมา
2020-06-30,119,131,250,แม่ฮ่องสอน
2020-06-30,150,150,300,สตูล
2020-06-30,735,658,1393,สงขลา
2020-06-30,232,191,423,เลย
2020-06-30,133,119,252,น่าน
2020-06-30,309,239,548,เพชรบูรณ์
2020-06-30,591,521,1112,สมุทรปราการ
2020-06-30,62,71,133,ชัยนาท
2020-06-30,439,388,827,ยะลา
2020-06-30,123,130,253,อำนาจเจริญ
2020-06-30,456,441,897,สุรินทร์
2020-06-30,72,55,127,อ่างทอง
2020-06-30,605,605,1210,ขอนแก่น
2020-06-30,402,356,758,เชียงราย
2020-06-30,290,287,577,พิษณุโลก
2020-06-30,351,389,740,สกลนคร
2020-06-30,123,120,243,มุกดาหาร
2020-06-30,144,149,293,บึงกาฬ
2020-07-31,105,97,202,อุทัยธานี
2020-07-31,313,251,564,ฉะเชิงเทรา
2020-07-31,222,196,418,ชุมพร
2020-07-31,120,147,267,น่าน
2020-07-31,392,328,720,นนทบุรี
2020-07-31,140,131,271,บึงกาฬ
2020-07-31,178,166,344,กำแพงเพชร
2020-07-31,614,603,1217,นครศรีธรรมราช
2020-07-31,472,402,874,ปัตตานี
2020-07-31,162,152,314,หนองบัวลำภู
2020-07-31,789,634,1423,สงขลา
2020-07-31,201,210,411,สระแก้ว
2020-07-31,113,117,230,พะเยา
2020-07-31,337,286,623,ราชบุรี
2020-07-31,507,498,1005,สุราษฎร์ธานี
2020-07-31,133,131,264,มุกดาหาร
2020-07-31,82,84,166,อ่างทอง
2020-07-31,470,419,889,ปทุมธานี
2020-07-31,286,257,543,เพชรบูรณ์
2020-07-31,159,156,315,ยโสธร
2020-07-31,726,686,1412,อุบลราชธานี
2020-07-31,40,50,90,สมุทรสงคราม
2020-07-31,147,152,299,สตูล
2020-07-31,200,151,351,พัทลุง
2020-07-31,142,137,279,พิจิตร
2020-07-31,1107,1013,2120,ชลบุรี
2020-07-31,94,96,190,แพร่
2020-07-31,419,368,787,สกลนคร
2020-07-31,493,470,963,บุรีรัมย์
2020-07-31,231,204,435,ประจวบคีรีขันธ์
2020-07-31,232,216,448,จันทบุรี
2020-07-31,164,151,315,ลำปาง
2020-07-31,187,185,372,หนองคาย
2020-07-31,283,243,526,ภูเก็ต
2020-07-31,524,492,1016,นราธิวาส
2020-07-31,82,84,166,ตราด
2020-07-31,283,251,534,กระบี่
2020-07-31,203,212,415,ปราจีนบุรี
2020-07-31,101,120,221,ลำพูน
2020-07-31,258,229,487,ตรัง
2020-07-31,99,97,196,พังงา
2020-07-31,763,675,1438,เชียงใหม่
2020-07-31,287,264,551,พิษณุโลก
2020-07-31,628,593,1221,ขอนแก่น
2020-07-31,67,73,140,ชัยนาท
2020-07-31,340,293,633,กาญจนบุรี
2020-07-31,244,227,471,นครพนม
2020-07-31,290,246,536,กาฬสินธุ์
2020-07-31,467,427,894,สุรินทร์
2020-07-31,97,94,191,ระนอง
2020-07-31,94,117,211,อำนาจเจริญ
2020-07-31,258,296,554,พระนครศรีอยุธยา
2020-07-31,226,243,469,เลย
2020-07-31,314,318,632,นครสวรรค์
2020-07-31,272,234,506,มหาสารคาม
2020-07-31,326,326,652,สมุทรสาคร
2020-07-31,419,440,859,เชียงราย
2020-07-31,126,143,269,นครนายก
2020-07-31,169,181,350,แม่ฮ่องสอน
2020-07-31,147,149,296,เพชรบุรี
2020-07-31,427,402,829,ยะลา
2020-07-31,420,419,839,ตาก
2020-07-31,463,403,866,ศรีสะเกษ
2020-07-31,71,89,160,สิงห์บุรี
2020-07-31,322,360,682,ร้อยเอ็ด
2020-07-31,282,257,539,สุพรรณบุรี
2020-07-31,297,278,575,นครปฐม
2020-07-31,123,107,230,อุตรดิตถ์
2020-07-31,549,454,1003,สมุทรปราการ
2020-07-31,255,221,476,ลพบุรี
2020-07-31,349,320,669,ระยอง
2020-07-31,345,311,656,ชัยภูมิ
2020-07-31,932,808,1740,นครราชสีมา
2020-07-31,552,492,1044,อุดรธานี
2020-07-31,279,267,546,สระบุรี
2020-07-31,2990,2737,5727,กรุงเทพมหานคร
2020-07-31,143,123,266,สุโขทัย
2020-08-31,150,167,317,หนองบัวลำภู
2020-08-31,212,192,404,กำแพงเพชร
2020-08-31,80,61,141,ชัยนาท
2020-08-31,233,209,442,เลย
2020-08-31,522,504,1026,อุดรธานี
2020-08-31,167,155,322,เพชรบุรี
2020-08-31,219,187,406,ชุมพร
2020-08-31,542,448,990,สุราษฎร์ธานี
2020-08-31,316,302,618,นครสวรรค์
2020-08-31,284,258,542,พระนครศรีอยุธยา
2020-08-31,119,114,233,อำนาจเจริญ
2020-08-31,88,78,166,พังงา
2020-08-31,728,735,1463,สงขลา
2020-08-31,652,599,1251,ขอนแก่น
2020-08-31,265,261,526,ตรัง
2020-08-31,252,247,499,กระบี่
2020-08-31,269,259,528,ภูเก็ต
2020-08-31,153,188,341,หนองคาย
2020-08-31,284,256,540,สระบุรี
2020-08-31,327,325,652,ชัยภูมิ
2020-08-31,145,153,298,ลำปาง
2020-08-31,237,228,465,ลพบุรี
2020-08-31,76,66,142,สิงห์บุรี
2020-08-31,116,115,231,อุตรดิตถ์
2020-08-31,182,198,380,แม่ฮ่องสอน
2020-08-31,126,114,240,พะเยา
2020-08-31,67,65,132,อ่างทอง
2020-08-31,444,408,852,ปทุมธานี
2020-08-31,152,156,308,ยโสธร
2020-08-31,1136,1007,2143,ชลบุรี
2020-08-31,164,160,324,สตูล
2020-08-31,416,402,818,เชียงราย
2020-08-31,94,87,181,แพร่
2020-08-31,165,145,310,น่าน
2020-08-31,236,231,467,ประจวบคีรีขันธ์
2020-08-31,102,91,193,อุทัยธานี
2020-08-31,582,576,1158,นครศรีธรรมราช
2020-08-31,137,129,266,บึงกาฬ
2020-08-31,263,247,510,มหาสารคาม
2020-08-31,81,92,173,ระนอง
2020-08-31,362,329,691,ระยอง
2020-08-31,163,159,322,พัทลุง
2020-08-31,298,257,555,นครปฐม
2020-08-31,741,670,1411,อุบลราชธานี
2020-08-31,426,400,826,ตาก
2020-08-31,269,287,556,สุพรรณบุรี
2020-08-31,334,302,636,ราชบุรี
2020-08-31,150,152,302,พิจิตร
2020-08-31,559,482,1041,บุรีรัมย์
2020-08-31,38,35,73,สมุทรสงคราม
2020-08-31,248,242,490,จันทบุรี
2020-08-31,153,113,266,นครนายก
2020-08-31,3214,2936,6150,กรุงเทพมหานคร
2020-08-31,559,522,1081,นราธิวาส
2020-08-31,478,442,920,ยะลา
2020-08-31,533,528,1061,สมุทรปราการ
2020-08-31,213,209,422,สระแก้ว
2020-08-31,361,342,703,นนทบุรี
2020-08-31,480,469,949,ปัตตานี
2020-08-31,270,291,561,พิษณุโลก
2020-08-31,416,425,841,สุรินทร์
2020-08-31,450,453,903,ศรีสะเกษ
2020-08-31,143,148,291,สุโขทัย
2020-08-31,85,82,167,ตราด
2020-08-31,287,263,550,กาฬสินธุ์
2020-08-31,726,673,1399,เชียงใหม่
2020-08-31,364,300,664,สมุทรสาคร
2020-08-31,314,275,589,กาญจนบุรี
2020-08-31,153,133,286,มุกดาหาร
2020-08-31,427,360,787,สกลนคร
2020-08-31,314,293,607,ฉะเชิงเทรา
2020-08-31,930,875,1805,นครราชสีมา
2020-08-31,217,236,453,นครพนม
2020-08-31,228,224,452,ปราจีนบุรี
2020-08-31,383,330,713,ร้อยเอ็ด
2020-08-31,104,105,209,ลำพูน
2020-08-31,287,285,572,เพชรบูรณ์
2020-09-30,322,264,586,พิษณุโลก
2020-09-30,277,260,537,ภูเก็ต
2020-09-30,254,277,531,มหาสารคาม
2020-09-30,195,186,381,หนองคาย
2020-09-30,237,248,485,สระแก้ว
2020-09-30,323,271,594,นครปฐม
2020-09-30,551,467,1018,ปัตตานี
2020-09-30,256,239,495,ปราจีนบุรี
2020-09-30,224,166,390,กำแพงเพชร
2020-09-30,379,363,742,นนทบุรี
2020-09-30,682,594,1276,ขอนแก่น
2020-09-30,118,101,219,อุทัยธานี
2020-09-30,545,495,1040,นราธิวาส
2020-09-30,412,413,825,สกลนคร
2020-09-30,243,205,448,ชุมพร
2020-09-30,376,387,763,ร้อยเอ็ด
2020-09-30,134,119,253,อุตรดิตถ์
2020-09-30,247,213,460,ประจวบคีรีขันธ์
2020-09-30,112,114,226,ลำพูน
2020-09-30,504,426,930,ศรีสะเกษ
2020-09-30,319,292,611,เพชรบูรณ์
2020-09-30,184,162,346,ลำปาง
2020-09-30,244,255,499,เลย
2020-09-30,349,317,666,กาญจนบุรี
2020-09-30,241,234,475,กระบี่
2020-09-30,270,237,507,ตรัง
2020-09-30,253,224,477,ลพบุรี
2020-09-30,379,305,684,สมุทรสาคร
2020-09-30,800,741,1541,เชียงใหม่
2020-09-30,980,911,1891,นครราชสีมา
2020-09-30,407,349,756,ระยอง
2020-09-30,283,295,578,กาฬสินธุ์
2020-09-30,289,288,577,สระบุรี
2020-09-30,99,85,184,ตราด
2020-09-30,336,315,651,พระนครศรีอยุธยา
2020-09-30,79,71,150,สิงห์บุรี
2020-09-30,310,313,623,นครสวรรค์
2020-09-30,358,347,705,ชัยภูมิ
2020-09-30,488,484,972,สุรินทร์
2020-09-30,129,110,239,อำนาจเจริญ
2020-09-30,156,165,321,สุโขทัย
2020-09-30,675,700,1375,สงขลา
2020-09-30,102,98,200,พังงา
2020-09-30,183,177,360,แม่ฮ่องสอน
2020-09-30,425,425,850,ยะลา
2020-09-30,576,552,1128,สมุทรปราการ
2020-09-30,196,161,357,เพชรบุรี
2020-09-30,577,566,1143,บุรีรัมย์
2020-09-30,577,526,1103,อุดรธานี
2020-09-30,243,251,494,นครพนม
2020-09-30,145,134,279,สตูล
2020-09-30,496,507,1003,ปทุมธานี
2020-09-30,358,307,665,ราชบุรี
2020-09-30,86,66,152,อ่างทอง
2020-09-30,36,37,73,สมุทรสงคราม
2020-09-30,290,322,612,สุพรรณบุรี
2020-09-30,197,167,364,หนองบัวลำภู
2020-09-30,527,470,997,สุราษฎร์ธานี
2020-09-30,179,156,335,พัทลุง
2020-09-30,90,92,182,ระนอง
2020-09-30,747,699,1446,อุบลราชธานี
2020-09-30,490,479,969,เชียงราย
2020-09-30,127,130,257,มุกดาหาร
2020-09-30,452,402,854,ตาก
2020-09-30,169,143,312,ยโสธร
2020-09-30,180,160,340,พิจิตร
2020-09-30,165,126,291,นครนายก
2020-09-30,3372,3103,6475,กรุงเทพมหานคร
2020-09-30,119,109,228,แพร่
2020-09-30,250,257,507,จันทบุรี
2020-09-30,161,159,320,บึงกาฬ
2020-09-30,313,319,632,ฉะเชิงเทรา
2020-09-30,88,69,157,ชัยนาท
2020-09-30,1166,1144,2310,ชลบุรี
2020-09-30,152,140,292,น่าน
2020-09-30,131,107,238,พะเยา
2020-09-30,645,602,1247,นครศรีธรรมราช
2020-10-31,244,245,489,ตรัง
2020-10-31,300,299,599,พระนครศรีอยุธยา
2020-10-31,107,83,190,แพร่
2020-10-31,391,373,764,สกลนคร
2020-10-31,148,165,313,หนองบัวลำภู
2020-10-31,52,66,118,ชัยนาท
2020-10-31,320,320,640,กาญจนบุรี
2020-10-31,140,108,248,แม่ฮ่องสอน
2020-10-31,254,265,519,กาฬสินธุ์
2020-10-31,479,477,956,สุราษฎร์ธานี
2020-10-31,340,279,619,นครสวรรค์
2020-10-31,104,122,226,อุตรดิตถ์
2020-10-31,773,780,1553,เชียงใหม่
2020-10-31,456,466,922,เชียงราย
2020-10-31,232,223,455,เลย
2020-10-31,127,130,257,มุกดาหาร
2020-10-31,301,317,618,ฉะเชิงเทรา
2020-10-31,69,81,150,ระนอง
2020-10-31,514,469,983,บุรีรัมย์
2020-10-31,532,479,1011,นราธิวาส
2020-10-31,268,288,556,นครปฐม
2020-10-31,197,179,376,หนองคาย
2020-10-31,648,599,1247,ขอนแก่น
2020-10-31,265,242,507,ภูเก็ต
2020-10-31,67,62,129,สิงห์บุรี
2020-10-31,324,324,648,พิษณุโลก
2020-10-31,625,604,1229,นครศรีธรรมราช
2020-10-31,253,228,481,ปราจีนบุรี
2020-10-31,265,266,531,เพชรบูรณ์
2020-10-31,3213,3024,6237,กรุงเทพมหานคร
2020-10-31,157,148,305,สตูล
2020-10-31,154,152,306,บึงกาฬ
2020-10-31,426,453,879,ยะลา
2020-10-31,92,81,173,พังงา
2020-10-31,713,645,1358,สงขลา
2020-10-31,527,518,1045,สมุทรปราการ
2020-10-31,164,121,285,พิจิตร
2020-10-31,115,120,235,อำนาจเจริญ
2020-10-31,316,278,594,สุพรรณบุรี
2020-10-31,409,415,824,สุรินทร์
2020-10-31,152,136,288,น่าน
2020-10-31,98,88,186,ตราด
2020-10-31,69,62,131,อ่างทอง
2020-10-31,900,837,1737,นครราชสีมา
2020-10-31,238,223,461,จันทบุรี
2020-10-31,171,135,306,พัทลุง
2020-10-31,332,321,653,ชัยภูมิ
2020-10-31,469,401,870,ตาก
2020-10-31,463,493,956,ปัตตานี
2020-10-31,372,285,657,ราชบุรี
2020-10-31,462,435,897,ปทุมธานี
2020-10-31,48,39,87,สมุทรสงคราม
2020-10-31,194,161,355,ลำปาง
2020-10-31,730,699,1429,อุบลราชธานี
2020-10-31,409,423,832,ศรีสะเกษ
2020-10-31,159,105,264,พะเยา
2020-10-31,1082,1029,2111,ชลบุรี
2020-10-31,214,199,413,สระแก้ว
2020-10-31,145,131,276,นครนายก
2020-10-31,209,194,403,ประจวบคีรีขันธ์
2020-10-31,203,197,400,ชุมพร
2020-10-31,261,219,480,มหาสารคาม
2020-10-31,91,99,190,อุทัยธานี
2020-10-31,143,123,266,ยโสธร
2020-10-31,203,172,375,กำแพงเพชร
2020-10-31,169,134,303,สุโขทัย
2020-10-31,125,126,251,ลำพูน
2020-10-31,266,219,485,กระบี่
2020-10-31,345,320,665,ระยอง
2020-10-31,556,484,1040,อุดรธานี
2020-10-31,330,327,657,สมุทรสาคร
2020-10-31,221,247,468,ลพบุรี
2020-10-31,397,368,765,ร้อยเอ็ด
2020-10-31,148,158,306,เพชรบุรี
2020-10-31,276,270,546,สระบุรี
2020-10-31,233,213,446,นครพนม
2020-10-31,353,319,672,นนทบุรี
2020-11-30,60,66,126,ชัยนาท
2020-11-30,163,159,322,บึงกาฬ
2020-11-30,1076,1066,2142,ชลบุรี
2020-11-30,240,235,475,ปราจีนบุรี
2020-11-30,666,645,1311,อุบลราชธานี
2020-11-30,300,267,567,ฉะเชิงเทรา
2020-11-30,523,480,1003,อุดรธานี
2020-11-30,261,206,467,จันทบุรี
2020-11-30,471,445,916,ยะลา
2020-11-30,306,341,647,นนทบุรี
2020-11-30,158,114,272,แม่ฮ่องสอน
2020-11-30,204,188,392,นครพนม
2020-11-30,127,91,218,อุตรดิตถ์
2020-11-30,233,197,430,ประจวบคีรีขันธ์
2020-11-30,182,218,400,ชุมพร
2020-11-30,349,330,679,ร้อยเอ็ด
2020-11-30,240,202,442,เลย
2020-11-30,81,81,162,อุทัยธานี
2020-11-30,503,470,973,สมุทรปราการ
2020-11-30,359,302,661,ระยอง
2020-11-30,2800,2826,5626,กรุงเทพมหานคร
2020-11-30,573,534,1107,นครศรีธรรมราช
2020-11-30,128,105,233,พะเยา
2020-11-30,142,116,258,มุกดาหาร
2020-11-30,152,146,298,พัทลุง
2020-11-30,474,394,868,ตาก
2020-11-30,88,70,158,ระนอง
2020-11-30,72,73,145,อ่างทอง
2020-11-30,303,318,621,ราชบุรี
2020-11-30,125,140,265,เพชรบุรี
2020-11-30,291,285,576,สุพรรณบุรี
2020-11-30,145,153,298,พิจิตร
2020-11-30,447,430,877,เชียงราย
2020-11-30,463,474,937,สุราษฎร์ธานี
2020-11-30,258,258,516,เพชรบูรณ์
2020-11-30,169,140,309,สตูล
2020-11-30,125,121,246,น่าน
2020-11-30,39,25,64,สมุทรสงคราม
2020-11-30,170,135,305,หนองบัวลำภู
2020-11-30,85,78,163,แพร่
2020-11-30,374,387,761,สกลนคร
2020-11-30,112,89,201,ลำพูน
2020-11-30,515,452,967,บุรีรัมย์
2020-11-30,127,135,262,ยโสธร
2020-11-30,436,437,873,ปทุมธานี
2020-11-30,200,154,354,กำแพงเพชร
2020-11-30,321,285,606,กาญจนบุรี
2020-11-30,118,111,229,อำนาจเจริญ
2020-11-30,241,256,497,กาฬสินธุ์
2020-11-30,651,649,1300,สงขลา
2020-11-30,239,243,482,สระบุรี
2020-11-30,75,73,148,ตราด
2020-11-30,74,59,133,สิงห์บุรี
2020-11-30,316,299,615,ชัยภูมิ
2020-11-30,289,253,542,ภูเก็ต
2020-11-30,216,222,438,สระแก้ว
2020-11-30,127,103,230,นครนายก
2020-11-30,152,143,295,ลำปาง
2020-11-30,318,243,561,พระนครศรีอยุธยา
2020-11-30,270,281,551,พิษณุโลก
2020-11-30,432,420,852,ศรีสะเกษ
2020-11-30,868,870,1738,นครราชสีมา
2020-11-30,86,86,172,พังงา
2020-11-30,365,296,661,สมุทรสาคร
2020-11-30,207,207,414,ลพบุรี
2020-11-30,317,282,599,นครสวรรค์
2020-11-30,272,250,522,นครปฐม
2020-11-30,231,245,476,มหาสารคาม
2020-11-30,132,165,297,สุโขทัย
2020-11-30,158,170,328,หนองคาย
2020-11-30,801,713,1514,เชียงใหม่
2020-11-30,217,232,449,ตรัง
2020-11-30,435,391,826,สุรินทร์
2020-11-30,226,210,436,กระบี่
2020-11-30,615,575,1190,ขอนแก่น
2020-11-30,477,490,967,นราธิวาส
2020-11-30,457,426,883,ปัตตานี
2020-12-31,114,124,238,นครนายก
2020-12-31,99,72,171,แพร่
2020-12-31,422,394,816,สุรินทร์
2020-12-31,429,420,849,เชียงราย
2020-12-31,488,461,949,นราธิวาส
2020-12-31,435,427,862,สุราษฎร์ธานี
2020-12-31,175,226,401,นครพนม
2020-12-31,118,135,253,พัทลุง
2020-12-31,623,642,1265,อุบลราชธานี
2020-12-31,75,61,136,ตราด
2020-12-31,277,279,556,ชัยภูมิ
2020-12-31,112,93,205,มุกดาหาร
2020-12-31,142,141,283,หนองบัวลำภู
2020-12-31,250,229,479,พระนครศรีอยุธยา
2020-12-31,785,737,1522,นครราชสีมา
2020-12-31,318,294,612,ระยอง
2020-12-31,270,275,545,นครสวรรค์
2020-12-31,220,173,393,เลย
2020-12-31,201,194,395,ตรัง
2020-12-31,441,446,887,อุดรธานี
2020-12-31,111,112,223,ลำพูน
2020-12-31,221,218,439,ปราจีนบุรี
2020-12-31,674,684,1358,เชียงใหม่
2020-12-31,215,249,464,สมุทรสาคร
2020-12-31,203,215,418,ลพบุรี
2020-12-31,224,228,452,กาฬสินธุ์
2020-12-31,56,61,117,ชัยนาท
2020-12-31,262,235,497,เพชรบูรณ์
2020-12-31,142,135,277,เพชรบุรี
2020-12-31,242,227,469,สระบุรี
2020-12-31,63,72,135,อ่างทอง
2020-12-31,168,172,340,กำแพงเพชร
2020-12-31,351,318,669,สกลนคร
2020-12-31,298,301,599,ร้อยเอ็ด
2020-12-31,124,100,224,สุโขทัย
2020-12-31,493,399,892,สมุทรปราการ
2020-12-31,294,281,575,ราชบุรี
2020-12-31,362,423,785,ตาก
2020-12-31,2641,2462,5103,กรุงเทพมหานคร
2020-12-31,104,114,218,พะเยา
2020-12-31,121,126,247,บึงกาฬ
2020-12-31,932,897,1829,ชลบุรี
2020-12-31,62,61,123,สิงห์บุรี
2020-12-31,239,239,478,นครปฐม
2020-12-31,258,240,498,ฉะเชิงเทรา
2020-12-31,453,415,868,ปัตตานี
2020-12-31,561,507,1068,นครศรีธรรมราช
2020-12-31,221,218,439,ภูเก็ต
2020-12-31,437,397,834,ยะลา
2020-12-31,199,171,370,ชุมพร
2020-12-31,331,324,655,นนทบุรี
2020-12-31,573,549,1122,ขอนแก่น
2020-12-31,104,89,193,อุตรดิตถ์
2020-12-31,133,120,253,แม่ฮ่องสอน
2020-12-31,197,201,398,ประจวบคีรีขันธ์
2020-12-31,130,165,295,หนองคาย
2020-12-31,86,89,175,อุทัยธานี
2020-12-31,194,215,409,จันทบุรี
2020-12-31,214,240,454,พิษณุโลก
2020-12-31,281,290,571,กาญจนบุรี
2020-12-31,115,128,243,พิจิตร
2020-12-31,216,211,427,มหาสารคาม
2020-12-31,263,236,499,สุพรรณบุรี
2020-12-31,95,77,172,ระนอง
2020-12-31,119,92,211,น่าน
2020-12-31,155,122,277,ยโสธร
2020-12-31,93,108,201,อำนาจเจริญ
2020-12-31,134,138,272,ลำปาง
2020-12-31,413,335,748,ปทุมธานี
2020-12-31,621,557,1178,สงขลา
2020-12-31,199,223,422,กระบี่
2020-12-31,69,65,134,พังงา
2020-12-31,26,29,55,สมุทรสงคราม
2020-12-31,203,193,396,สระแก้ว
2020-12-31,470,439,909,บุรีรัมย์
2020-12-31,444,352,796,ศรีสะเกษ
2020-12-31,126,119,245,สตูล
2021-01-31,233,213,446,เพชรบูรณ์
2021-01-31,87,104,191,นครนายก
2021-01-31,565,488,1053,สงขลา
2021-01-31,175,133,308,นครพนม
2021-01-31,72,63,135,ระนอง
2021-01-31,501,448,949,ขอนแก่น
2021-01-31,155,145,300,ชุมพร
2021-01-31,423,419,842,นราธิวาส
2021-01-31,43,53,96,สิงห์บุรี
2021-01-31,121,107,228,พะเยา
2021-01-31,88,74,162,แพร่
2021-01-31,179,198,377,ลพบุรี
2021-01-31,2466,2258,4724,กรุงเทพมหานคร
2021-01-31,177,143,320,สระแก้ว
2021-01-31,108,115,223,น่าน
2021-01-31,264,250,514,กาญจนบุรี
2021-01-31,281,256,537,ระยอง
2021-01-31,718,681,1399,นครราชสีมา
2021-01-31,417,392,809,สมุทรปราการ
2021-01-31,114,104,218,สุโขทัย
2021-01-31,147,109,256,หนองคาย
2021-01-31,114,115,229,แม่ฮ่องสอน
2021-01-31,836,828,1664,ชลบุรี
2021-01-31,180,184,364,จันทบุรี
2021-01-31,169,183,352,ภูเก็ต
2021-01-31,240,232,472,นครปฐม
2021-01-31,267,245,512,พิษณุโลก
2021-01-31,70,58,128,พังงา
2021-01-31,288,251,539,นนทบุรี
2021-01-31,174,167,341,ประจวบคีรีขันธ์
2021-01-31,94,99,193,อำนาจเจริญ
2021-01-31,342,322,664,สุรินทร์
2021-01-31,161,165,326,เลย
2021-01-31,76,77,153,ตราด
2021-01-31,214,212,426,พระนครศรีอยุธยา
2021-01-31,217,211,428,กาฬสินธุ์
2021-01-31,175,165,340,ตรัง
2021-01-31,230,197,427,นครสวรรค์
2021-01-31,83,71,154,อุทัยธานี
2021-01-31,168,174,342,กระบี่
2021-01-31,679,568,1247,เชียงใหม่
2021-01-31,226,246,472,สมุทรสาคร
2021-01-31,193,208,401,มหาสารคาม
2021-01-31,414,396,810,ปัตตานี
2021-01-31,213,210,423,สระบุรี
2021-01-31,363,317,680,ศรีสะเกษ
2021-01-31,246,225,471,ชัยภูมิ
2021-01-31,85,74,159,อุตรดิตถ์
2021-01-31,368,354,722,ยะลา
2021-01-31,135,111,246,ลำปาง
2021-01-31,125,102,227,บึงกาฬ
2021-01-31,547,529,1076,อุบลราชธานี
2021-01-31,203,165,368,ปราจีนบุรี
2021-01-31,304,279,583,สกลนคร
2021-01-31,54,48,102,ชัยนาท
2021-01-31,100,97,197,ลำพูน
2021-01-31,114,140,254,เพชรบุรี
2021-01-31,121,133,254,หนองบัวลำภู
2021-01-31,88,114,202,มุกดาหาร
2021-01-31,363,351,714,เชียงราย
2021-01-31,160,153,313,กำแพงเพชร
2021-01-31,388,373,761,สุราษฎร์ธานี
2021-01-31,53,61,114,อ่างทอง
2021-01-31,221,210,431,ฉะเชิงเทรา
2021-01-31,296,257,553,ร้อยเอ็ด
2021-01-31,119,115,234,พัทลุง
2021-01-31,233,206,439,สุพรรณบุรี
2021-01-31,377,354,731,ตาก
2021-01-31,118,93,211,พิจิตร
2021-01-31,124,122,246,ยโสธร
2021-01-31,127,91,218,สตูล
2021-01-31,396,370,766,บุรีรัมย์
2021-01-31,301,262,563,ราชบุรี
2021-01-31,322,334,656,ปทุมธานี
2021-01-31,469,455,924,นครศรีธรรมราช
2021-01-31,33,39,72,สมุทรสงคราม
2021-01-31,415,410,825,อุดรธานี
2021-02-28,475,427,902,อุบลราชธานี
2021-02-28,323,290,613,ศรีสะเกษ
2021-02-28,798,783,1581,ชลบุรี
2021-02-28,373,338,711,ตาก
2021-02-28,88,70,158,อุทัยธานี
2021-02-28,88,63,151,พะเยา
2021-02-28,113,101,214,เพชรบุรี
2021-02-28,147,115,262,กำแพงเพชร
2021-02-28,145,131,276,ชุมพร
2021-02-28,149,161,310,ประจวบคีรีขันธ์
2021-02-28,175,169,344,จันทบุรี
2021-02-28,22,25,47,สมุทรสงคราม
2021-02-28,107,93,200,ยโสธร
2021-02-28,48,59,107,ตราด
2021-02-28,103,92,195,นครนายก
2021-02-28,204,178,382,ฉะเชิงเทรา
2021-02-28,233,232,465,กาญจนบุรี
2021-02-28,392,334,726,บุรีรัมย์
2021-02-28,107,108,215,พิจิตร
2021-02-28,99,90,189,น่าน
2021-02-28,66,61,127,ระนอง
2021-02-28,428,394,822,นครศรีธรรมราช
2021-02-28,188,181,369,สุพรรณบุรี
2021-02-28,181,189,370,เพชรบูรณ์
2021-02-28,313,289,602,เชียงราย
2021-02-28,103,84,187,หนองบัวลำภู
2021-02-28,52,38,90,ชัยนาท
2021-02-28,166,153,319,ปราจีนบุรี
2021-02-28,670,598,1268,นครราชสีมา
2021-02-28,354,298,652,สุราษฎร์ธานี
2021-02-28,174,149,323,สระแก้ว
2021-02-28,93,99,192,บึงกาฬ
2021-02-28,128,121,249,แม่ฮ่องสอน
2021-02-28,208,205,413,ชัยภูมิ
2021-02-28,188,163,351,สระบุรี
2021-02-28,104,93,197,สุโขทัย
2021-02-28,219,210,429,สมุทรสาคร
2021-02-28,169,163,332,กระบี่
2021-02-28,217,196,413,นครสวรรค์
2021-02-28,255,235,490,ระยอง
2021-02-28,313,294,607,สุรินทร์
2021-02-28,50,65,115,พังงา
2021-02-28,208,206,414,พิษณุโลก
2021-02-28,199,194,393,นครปฐม
2021-02-28,36,47,83,สิงห์บุรี
2021-02-28,424,412,836,ขอนแก่น
2021-02-28,173,168,341,ภูเก็ต
2021-02-28,78,84,162,อำนาจเจริญ
2021-02-28,365,348,713,อุดรธานี
2021-02-28,224,233,457,ราชบุรี
2021-02-28,264,234,498,สกลนคร
2021-02-28,152,169,321,มหาสารคาม
2021-02-28,125,121,246,ลำปาง
2021-02-28,360,370,730,ปัตตานี
2021-02-28,2274,2117,4391,กรุงเทพมหานคร
2021-02-28,440,380,820,นราธิวาส
2021-02-28,79,67,146,ลำพูน
2021-02-28,330,276,606,ปทุมธานี
2021-02-28,116,88,204,พัทลุง
2021-02-28,90,80,170,มุกดาหาร
2021-02-28,516,525,1041,เชียงใหม่
2021-02-28,175,185,360,ตรัง
2021-02-28,186,170,356,พระนครศรีอยุธยา
2021-02-28,168,169,337,กาฬสินธุ์
2021-02-28,256,255,511,นนทบุรี
2021-02-28,357,357,714,ยะลา
2021-02-28,147,135,282,นครพนม
2021-02-28,46,44,90,อ่างทอง
2021-02-28,158,148,306,เลย
2021-02-28,72,80,152,แพร่
2021-02-28,103,127,230,หนองคาย
2021-02-28,72,60,132,อุตรดิตถ์
2021-02-28,399,395,794,สมุทรปราการ
2021-02-28,112,96,208,สตูล
2021-02-28,271,235,506,ร้อยเอ็ด
2021-02-28,138,129,267,ลพบุรี
2021-02-28,535,526,1061,สงขลา
2021-03-31,359,277,636,นนทบุรี
2021-03-31,338,317,655,ร้อยเอ็ด
2021-03-31,466,412,878,ตาก
2021-03-31,133,108,241,น่าน
2021-03-31,407,402,809,ปทุมธานี
2021-03-31,123,106,229,สุโขทัย
2021-03-31,401,382,783,ศรีสะเกษ
2021-03-31,517,458,975,ปัตตานี
2021-03-31,541,534,1075,ขอนแก่น
2021-03-31,268,302,570,สมุทรสาคร
2021-03-31,748,669,1417,เชียงใหม่
2021-03-31,222,225,447,กาฬสินธุ์
2021-03-31,78,79,157,ตราด
2021-03-31,353,392,745,สุรินทร์
2021-03-31,274,232,506,พิษณุโลก
2021-03-31,284,285,569,นครปฐม
2021-03-31,530,509,1039,สมุทรปราการ
2021-03-31,493,453,946,ยะลา
2021-03-31,205,205,410,จันทบุรี
2021-03-31,108,91,199,ลำพูน
2021-03-31,140,130,270,เพชรบุรี
2021-03-31,335,333,668,ระยอง
2021-03-31,63,69,132,อ่างทอง
2021-03-31,560,553,1113,นครศรีธรรมราช
2021-03-31,445,414,859,สุราษฎร์ธานี
2021-03-31,127,160,287,บึงกาฬ
2021-03-31,98,91,189,อุตรดิตถ์
2021-03-31,150,139,289,หนองคาย
2021-03-31,212,221,433,แม่ฮ่องสอน
2021-03-31,234,206,440,ภูเก็ต
2021-03-31,393,401,794,เชียงราย
2021-03-31,76,76,152,พังงา
2021-03-31,121,103,224,อำนาจเจริญ
2021-03-31,285,262,547,พระนครศรีอยุธยา
2021-03-31,221,212,433,ตรัง
2021-03-31,271,274,545,นครสวรรค์
2021-03-31,162,119,281,หนองบัวลำภู
2021-03-31,213,206,419,กระบี่
2021-03-31,244,259,503,สระบุรี
2021-03-31,91,86,177,ระนอง
2021-03-31,87,74,161,แพร่
2021-03-31,200,170,370,เลย
2021-03-31,259,272,531,ฉะเชิงเทรา
2021-03-31,194,153,347,กำแพงเพชร
2021-03-31,144,138,282,พัทลุง
2021-03-31,611,608,1219,อุบลราชธานี
2021-03-31,51,55,106,ชัยนาท
2021-03-31,998,956,1954,ชลบุรี
2021-03-31,216,212,428,ประจวบคีรีขันธ์
2021-03-31,80,93,173,อุทัยธานี
2021-03-31,253,221,474,มหาสารคาม
2021-03-31,166,171,337,ลำปาง
2021-03-31,297,283,580,ชัยภูมิ
2021-03-31,125,126,251,ยโสธร
2021-03-31,53,52,105,สิงห์บุรี
2021-03-31,42,35,77,สมุทรสงคราม
2021-03-31,142,112,254,สตูล
2021-03-31,446,423,869,บุรีรัมย์
2021-03-31,199,203,402,ปราจีนบุรี
2021-03-31,535,491,1026,นราธิวาส
2021-03-31,2852,2651,5503,กรุงเทพมหานคร
2021-03-31,101,103,204,พะเยา
2021-03-31,346,325,671,สกลนคร
2021-03-31,147,113,260,นครนายก
2021-03-31,235,188,423,สระแก้ว
2021-03-31,179,192,371,นครพนม
2021-03-31,466,465,931,อุดรธานี
2021-03-31,772,826,1598,นครราชสีมา
2021-03-31,110,133,243,พิจิตร
2021-03-31,231,202,433,ลพบุรี
2021-03-31,733,613,1346,สงขลา
2021-03-31,304,311,615,ราชบุรี
2021-03-31,115,116,231,มุกดาหาร
2021-03-31,308,294,602,กาญจนบุรี
2021-03-31,234,221,455,สุพรรณบุรี
2021-03-31,194,207,401,ชุมพร
2021-03-31,265,267,532,เพชรบูรณ์
2021-04-30,126,121,247,นครนายก
2021-04-30,209,191,400,จันทบุรี
2021-04-30,192,176,368,ปราจีนบุรี
2021-04-30,294,312,606,ร้อยเอ็ด
2021-04-30,133,129,262,หนองบัวลำภู
2021-04-30,331,308,639,นนทบุรี
2021-04-30,417,358,775,ตาก
2021-04-30,192,180,372,ชุมพร
2021-04-30,98,113,211,น่าน
2021-04-30,194,203,397,กระบี่
2021-04-30,258,249,507,นครสวรรค์
2021-04-30,26,41,67,สมุทรสงคราม
2021-04-30,321,314,635,สกลนคร
2021-04-30,210,179,389,ตรัง
2021-04-30,282,302,584,ระยอง
2021-04-30,601,569,1170,อุบลราชธานี
2021-04-30,278,200,478,เพชรบูรณ์
2021-04-30,57,52,109,ชัยนาท
2021-04-30,155,142,297,พัทลุง
2021-04-30,948,847,1795,ชลบุรี
2021-04-30,302,253,555,กาญจนบุรี
2021-04-30,178,146,324,กำแพงเพชร
2021-04-30,182,183,365,ประจวบคีรีขันธ์
2021-04-30,86,94,180,อุทัยธานี
2021-04-30,157,137,294,เพชรบุรี
2021-04-30,2643,2476,5119,กรุงเทพมหานคร
2021-04-30,186,179,365,เลย
2021-04-30,799,716,1515,นครราชสีมา
2021-04-30,185,224,409,มหาสารคาม
2021-04-30,62,93,155,แพร่
2021-04-30,110,95,205,พะเยา
2021-04-30,109,90,199,ลำพูน
2021-04-30,150,137,287,ลำปาง
2021-04-30,82,73,155,ระนอง
2021-04-30,119,120,239,ยโสธร
2021-04-30,265,255,520,ชัยภูมิ
2021-04-30,216,213,429,สระบุรี
2021-04-30,516,472,988,นราธิวาส
2021-04-30,112,92,204,อำนาจเจริญ
2021-04-30,254,251,505,พระนครศรีอยุธยา
2021-04-30,113,85,198,มุกดาหาร
2021-04-30,223,208,431,กาฬสินธุ์
2021-04-30,202,178,380,สระแก้ว
2021-04-30,64,71,135,ตราด
2021-04-30,358,332,690,ศรีสะเกษ
2021-04-30,92,99,191,อุตรดิตถ์
2021-04-30,170,160,330,นครพนม
2021-04-30,382,330,712,สุรินทร์
2021-04-30,411,440,851,บุรีรัมย์
2021-04-30,106,103,209,บึงกาฬ
2021-04-30,245,232,477,พิษณุโลก
2021-04-30,138,118,256,พิจิตร
2021-04-30,560,523,1083,นครศรีธรรมราช
2021-04-30,418,360,778,สุราษฎร์ธานี
2021-04-30,472,434,906,สมุทรปราการ
2021-04-30,183,189,372,ลพบุรี
2021-04-30,441,385,826,ยะลา
2021-04-30,135,134,269,สตูล
2021-04-30,632,589,1221,สงขลา
2021-04-30,283,231,514,ฉะเชิงเทรา
2021-04-30,81,52,133,อ่างทอง
2021-04-30,406,387,793,อุดรธานี
2021-04-30,51,54,105,สิงห์บุรี
2021-04-30,243,269,512,นครปฐม
2021-04-30,156,121,277,หนองคาย
2021-04-30,396,381,777,ปทุมธานี
2021-04-30,344,350,694,เชียงราย
2021-04-30,308,273,581,ราชบุรี
2021-04-30,613,620,1233,เชียงใหม่
2021-04-30,144,170,314,แม่ฮ่องสอน
2021-04-30,275,267,542,สมุทรสาคร
2021-04-30,270,258,528,สุพรรณบุรี
2021-04-30,447,453,900,ปัตตานี
2021-04-30,131,117,248,สุโขทัย
2021-04-30,68,88,156,พังงา
2021-04-30,208,220,428,ภูเก็ต
2021-04-30,516,499,1015,ขอนแก่น
2021-05-31,133,116,249,สตูล
2021-05-31,105,69,174,อุทัยธานี
2021-05-31,213,158,371,ประจวบคีรีขันธ์
2021-05-31,117,120,237,นครนายก
2021-05-31,204,197,401,ตรัง
2021-05-31,89,111,200,อำนาจเจริญ
2021-05-31,994,911,1905,ชลบุรี
2021-05-31,253,217,470,พระนครศรีอยุธยา
2021-05-31,415,407,822,อุดรธานี
2021-05-31,139,125,264,ยโสธร
2021-05-31,309,290,599,ราชบุรี
2021-05-31,78,68,146,พังงา
2021-05-31,73,60,133,อ่างทอง
2021-05-31,214,186,400,มหาสารคาม
2021-05-31,436,385,821,สุราษฎร์ธานี
2021-05-31,182,217,399,สระแก้ว
2021-05-31,131,127,258,หนองบัวลำภู
2021-05-31,127,113,240,แม่ฮ่องสอน
2021-05-31,228,238,466,สระบุรี
2021-05-31,275,244,519,ชัยภูมิ
2021-05-31,244,204,448,ภูเก็ต
2021-05-31,206,198,404,กระบี่
2021-05-31,104,84,188,อุตรดิตถ์
2021-05-31,142,124,266,ลำปาง
2021-05-31,279,247,526,นครสวรรค์
2021-05-31,122,101,223,บึงกาฬ
2021-05-31,558,488,1046,นครศรีธรรมราช
2021-05-31,134,101,235,พะเยา
2021-05-31,142,161,303,หนองคาย
2021-05-31,496,485,981,นราธิวาส
2021-05-31,359,322,681,เชียงราย
2021-05-31,165,184,349,นครพนม
2021-05-31,679,571,1250,สงขลา
2021-05-31,165,174,339,กำแพงเพชร
2021-05-31,287,291,578,ระยอง
2021-05-31,418,354,772,สุรินทร์
2021-05-31,588,579,1167,อุบลราชธานี
2021-05-31,213,198,411,ปราจีนบุรี
2021-05-31,76,61,137,ตราด
2021-05-31,330,335,665,สกลนคร
2021-05-31,286,307,593,ร้อยเอ็ด
2021-05-31,231,225,456,กาฬสินธุ์
2021-05-31,360,391,751,ตาก
2021-05-31,133,124,257,พิจิตร
2021-05-31,608,597,1205,เชียงใหม่
2021-05-31,25,26,51,สมุทรสงคราม
2021-05-31,333,287,620,นนทบุรี
2021-05-31,110,104,214,น่าน
2021-05-31,182,171,353,ชุมพร
2021-05-31,446,378,824,ปทุมธานี
2021-05-31,212,218,430,จันทบุรี
2021-05-31,283,231,514,สุพรรณบุรี
2021-05-31,575,470,1045,ขอนแก่น
2021-05-31,383,340,723,ศรีสะเกษ
2021-05-31,102,119,221,มุกดาหาร
2021-05-31,276,262,538,สมุทรสาคร
2021-05-31,441,454,895,ปัตตานี
2021-05-31,450,414,864,บุรีรัมย์
2021-05-31,277,260,537,พิษณุโลก
2021-05-31,118,134,252,สุโขทัย
2021-05-31,232,244,476,นครปฐม
2021-05-31,490,472,962,สมุทรปราการ
2021-05-31,65,66,131,ระนอง
2021-05-31,136,128,264,พัทลุง
2021-05-31,2720,2551,5271,กรุงเทพมหานคร
2021-05-31,266,224,490,ฉะเชิงเทรา
2021-05-31,112,102,214,เพชรบุรี
2021-05-31,197,180,377,เลย
2021-05-31,217,199,416,ลพบุรี
2021-05-31,815,757,1572,นครราชสีมา
2021-05-31,437,394,831,ยะลา
2021-05-31,53,46,99,ชัยนาท
2021-05-31,262,272,534,กาญจนบุรี
2021-05-31,92,77,169,แพร่
2021-05-31,204,218,422,เพชรบูรณ์
2021-05-31,76,58,134,สิงห์บุรี
2021-05-31,96,107,203,ลำพูน
2021-06-30,197,151,348,สระแก้ว
2021-06-30,145,137,282,หนองคาย
2021-06-30,314,281,595,สมุทรสาคร
2021-06-30,214,179,393,ภูเก็ต
2021-06-30,403,353,756,ยะลา
2021-06-30,234,257,491,ฉะเชิงเทรา
2021-06-30,121,111,232,บึงกาฬ
2021-06-30,646,617,1263,เชียงใหม่
2021-06-30,105,112,217,แม่ฮ่องสอน
2021-06-30,538,442,980,สมุทรปราการ
2021-06-30,124,135,259,พิจิตร
2021-06-30,414,418,832,บุรีรัมย์
2021-06-30,247,244,491,กาฬสินธุ์
2021-06-30,203,193,396,นครพนม
2021-06-30,234,261,495,นครปฐม
2021-06-30,95,112,207,สุโขทัย
2021-06-30,397,363,760,สุรินทร์
2021-06-30,101,85,186,อุตรดิตถ์
2021-06-30,242,241,483,พิษณุโลก
2021-06-30,164,126,290,สตูล
2021-06-30,88,66,154,ตราด
2021-06-30,434,398,832,ปทุมธานี
2021-06-30,125,124,249,มุกดาหาร
2021-06-30,139,133,272,ลำปาง
2021-06-30,281,264,545,กาญจนบุรี
2021-06-30,111,82,193,ลำพูน
2021-06-30,774,705,1479,นครราชสีมา
2021-06-30,200,199,399,มหาสารคาม
2021-06-30,128,133,261,เพชรบุรี
2021-06-30,93,78,171,อุทัยธานี
2021-06-30,181,190,371,ประจวบคีรีขันธ์
2021-06-30,183,192,375,กำแพงเพชร
2021-06-30,246,239,485,สุพรรณบุรี
2021-06-30,2714,2517,5231,กรุงเทพมหานคร
2021-06-30,123,123,246,พัทลุง
2021-06-30,1014,1008,2022,ชลบุรี
2021-06-30,145,126,271,ยโสธร
2021-06-30,239,257,496,เพชรบูรณ์
2021-06-30,218,204,422,ปราจีนบุรี
2021-06-30,338,301,639,ระยอง
2021-06-30,293,280,573,ชัยภูมิ
2021-06-30,245,229,474,สระบุรี
2021-06-30,67,70,137,พังงา
2021-06-30,91,98,189,อำนาจเจริญ
2021-06-30,404,359,763,ศรีสะเกษ
2021-06-30,275,251,526,พระนครศรีอยุธยา
2021-06-30,204,197,401,จันทบุรี
2021-06-30,283,271,554,ราชบุรี
2021-06-30,326,302,628,นนทบุรี
2021-06-30,403,401,804,ปัตตานี
2021-06-30,33,39,72,สมุทรสงคราม
2021-06-30,238,214,452,กระบี่
2021-06-30,414,336,750,ตาก
2021-06-30,462,410,872,นราธิวาส
2021-06-30,304,282,586,ร้อยเอ็ด
2021-06-30,320,322,642,สกลนคร
2021-06-30,220,191,411,ตรัง
2021-06-30,586,612,1198,อุบลราชธานี
2021-06-30,276,256,532,นครสวรรค์
2021-06-30,120,99,219,นครนายก
2021-06-30,568,535,1103,นครศรีธรรมราช
2021-06-30,659,599,1258,สงขลา
2021-06-30,126,115,241,น่าน
2021-06-30,76,68,144,ระนอง
2021-06-30,581,478,1059,ขอนแก่น
2021-06-30,96,77,173,แพร่
2021-06-30,177,193,370,เลย
2021-06-30,62,56,118,ชัยนาท
2021-06-30,57,59,116,สิงห์บุรี
2021-06-30,200,174,374,ลพบุรี
2021-06-30,171,168,339,ชุมพร
2021-06-30,426,426,852,สุราษฎร์ธานี
2021-06-30,64,57,121,อ่างทอง
2021-06-30,368,346,714,เชียงราย
2021-06-30,109,107,216,พะเยา
2021-06-30,145,130,275,หนองบัวลำภู
2021-06-30,382,408,790,อุดรธานี
2021-07-31,633,612,1245,อุบลราชธานี
2021-07-31,345,327,672,ระยอง
2021-07-31,70,68,138,ระนอง
2021-07-31,395,388,783,เชียงราย
2021-07-31,94,86,180,แพร่
2021-07-31,151,138,289,พัทลุง
2021-07-31,152,135,287,หนองคาย
2021-07-31,93,87,180,ลำพูน
2021-07-31,85,70,155,พังงา
2021-07-31,217,220,437,เลย
2021-07-31,142,117,259,เพชรบุรี
2021-07-31,181,191,372,กำแพงเพชร
2021-07-31,352,329,681,ร้อยเอ็ด
2021-07-31,157,126,283,หนองบัวลำภู
2021-07-31,129,102,231,อำนาจเจริญ
2021-07-31,377,375,752,ปทุมธานี
2021-07-31,138,135,273,ยโสธร
2021-07-31,1030,994,2024,ชลบุรี
2021-07-31,366,325,691,ตาก
2021-07-31,194,168,362,ประจวบคีรีขันธ์
2021-07-31,246,234,480,พระนครศรีอยุธยา
2021-07-31,102,71,173,อุทัยธานี
2021-07-31,258,239,497,มหาสารคาม
2021-07-31,168,144,312,ลำปาง
2021-07-31,315,250,565,นครสวรรค์
2021-07-31,285,271,556,ชัยภูมิ
2021-07-31,247,246,493,สระบุรี
2021-07-31,237,197,434,ตรัง
2021-07-31,224,209,433,กระบี่
2021-07-31,82,47,129,ชัยนาท
2021-07-31,71,77,148,อ่างทอง
2021-07-31,413,396,809,ศรีสะเกษ
2021-07-31,121,134,255,น่าน
2021-07-31,143,148,291,พิจิตร
2021-07-31,131,102,233,มุกดาหาร
2021-07-31,185,184,369,ชุมพร
2021-07-31,371,345,716,สกลนคร
2021-07-31,216,216,432,ปราจีนบุรี
2021-07-31,297,290,587,กาญจนบุรี
2021-07-31,839,780,1619,นครราชสีมา
2021-07-31,2695,2562,5257,กรุงเทพมหานคร
2021-07-31,266,241,507,เพชรบูรณ์
2021-07-31,112,120,232,พะเยา
2021-07-31,453,482,935,นราธิวาส
2021-07-31,129,115,244,นครนายก
2021-07-31,340,311,651,ราชบุรี
2021-07-31,225,215,440,สระแก้ว
2021-07-31,219,196,415,นครพนม
2021-07-31,204,206,410,ลพบุรี
2021-07-31,451,457,908,บุรีรัมย์
2021-07-31,260,264,524,สุพรรณบุรี
2021-07-31,275,234,509,ฉะเชิงเทรา
2021-07-31,245,252,497,จันทบุรี
2021-07-31,222,205,427,ภูเก็ต
2021-07-31,394,404,798,ปัตตานี
2021-07-31,135,144,279,สุโขทัย
2021-07-31,287,250,537,สมุทรสาคร
2021-07-31,682,658,1340,สงขลา
2021-07-31,638,622,1260,เชียงใหม่
2021-07-31,323,323,646,นนทบุรี
2021-07-31,587,532,1119,ขอนแก่น
2021-07-31,88,92,180,ตราด
2021-07-31,283,251,534,นครปฐม
2021-07-31,428,371,799,สุรินทร์
2021-07-31,284,272,556,พิษณุโลก
2021-07-31,558,445,1003,สมุทรปราการ
2021-07-31,413,406,819,ยะลา
2021-07-31,71,59,130,สิงห์บุรี
2021-07-31,263,250,513,กาฬสินธุ์
2021-07-31,139,125,264,แม่ฮ่องสอน
2021-07-31,34,26,60,สมุทรสงคราม
2021-07-31,514,438,952,อุดรธานี
2021-07-31,122,144,266,บึงกาฬ
2021-07-31,163,138,301,สตูล
2021-07-31,601,560,1161,นครศรีธรรมราช
2021-07-31,118,116,234,อุตรดิตถ์
2021-07-31,466,432,898,สุราษฎร์ธานี
2021-08-31,304,271,575,พิษณุโลก
2021-08-31,275,313,588,สระบุรี
2021-08-31,513,416,929,สุรินทร์
2021-08-31,111,130,241,อุตรดิตถ์
2021-08-31,468,388,856,ยะลา
2021-08-31,309,258,567,นครปฐม
2021-08-31,88,77,165,ตราด
2021-08-31,67,72,139,สิงห์บุรี
2021-08-31,335,326,661,ฉะเชิงเทรา
2021-08-31,227,245,472,ตรัง
2021-08-31,179,157,336,หนองบัวลำภู
2021-08-31,574,532,1106,สมุทรปราการ
2021-08-31,494,494,988,บุรีรัมย์
2021-08-31,269,290,559,สุพรรณบุรี
2021-08-31,329,288,617,กาฬสินธุ์
2021-08-31,229,213,442,ลพบุรี
2021-08-31,326,314,640,นครสวรรค์
2021-08-31,136,138,274,พิจิตร
2021-08-31,316,269,585,พระนครศรีอยุธยา
2021-08-31,137,145,282,มุกดาหาร
2021-08-31,594,606,1200,นครศรีธรรมราช
2021-08-31,214,186,400,ชุมพร
2021-08-31,439,396,835,สกลนคร
2021-08-31,135,128,263,อำนาจเจริญ
2021-08-31,247,225,472,ปราจีนบุรี
2021-08-31,341,298,639,กาญจนบุรี
2021-08-31,237,253,490,กระบี่
2021-08-31,599,572,1171,ขอนแก่น
2021-08-31,729,713,1442,เชียงใหม่
2021-08-31,906,884,1790,นครราชสีมา
2021-08-31,548,539,1087,อุดรธานี
2021-08-31,76,68,144,ชัยนาท
2021-08-31,486,495,981,ปทุมธานี
2021-08-31,175,201,376,กำแพงเพชร
2021-08-31,164,158,322,ยโสธร
2021-08-31,158,156,314,เพชรบุรี
2021-08-31,245,228,473,เลย
2021-08-31,493,487,980,สุราษฎร์ธานี
2021-08-31,128,100,228,ลำพูน
2021-08-31,154,142,296,บึงกาฬ
2021-08-31,115,92,207,แพร่
2021-08-31,60,66,126,ระนอง
2021-08-31,370,370,740,ระยอง
2021-08-31,1093,1041,2134,ชลบุรี
2021-08-31,327,315,642,ชัยภูมิ
2021-08-31,766,683,1449,อุบลราชธานี
2021-08-31,380,266,646,ตาก
2021-08-31,44,46,90,สมุทรสงคราม
2021-08-31,148,133,281,น่าน
2021-08-31,356,356,712,นนทบุรี
2021-08-31,250,245,495,จันทบุรี
2021-08-31,232,197,429,ประจวบคีรีขันธ์
2021-08-31,302,292,594,สมุทรสาคร
2021-08-31,109,94,203,อุทัยธานี
2021-08-31,491,446,937,ศรีสะเกษ
2021-08-31,462,485,947,ปัตตานี
2021-08-31,258,247,505,มหาสารคาม
2021-08-31,151,143,294,สุโขทัย
2021-08-31,652,664,1316,สงขลา
2021-08-31,165,127,292,ลำปาง
2021-08-31,380,371,751,ร้อยเอ็ด
2021-08-31,2842,2629,5471,กรุงเทพมหานคร
2021-08-31,158,174,332,พัทลุง
2021-08-31,226,235,461,สระแก้ว
2021-08-31,274,244,518,นครพนม
2021-08-31,171,184,355,หนองคาย
2021-08-31,115,103,218,พะเยา
2021-08-31,133,128,261,นครนายก
2021-08-31,271,273,544,เพชรบูรณ์
2021-08-31,216,201,417,ภูเก็ต
2021-08-31,153,112,265,แม่ฮ่องสอน
2021-08-31,342,308,650,ราชบุรี
2021-08-31,490,506,996,นราธิวาส
2021-08-31,76,81,157,อ่างทอง
2021-08-31,486,384,870,เชียงราย
2021-08-31,138,141,279,สตูล
2021-08-31,101,68,169,พังงา
2021-09-30,111,107,218,ลำพูน
2021-09-30,432,410,842,ตาก
2021-09-30,504,505,1009,อุดรธานี
2021-09-30,185,141,326,ลำปาง
2021-09-30,285,292,577,สุพรรณบุรี
2021-09-30,460,447,907,สุราษฎร์ธานี
2021-09-30,141,156,297,น่าน
2021-09-30,155,120,275,สตูล
2021-09-30,513,421,934,นราธิวาส
2021-09-30,1101,1027,2128,ชลบุรี
2021-09-30,244,236,480,เลย
2021-09-30,216,219,435,ลพบุรี
2021-09-30,744,704,1448,เชียงใหม่
2021-09-30,518,518,1036,บุรีรัมย์
2021-09-30,243,216,459,กระบี่
2021-09-30,681,673,1354,ขอนแก่น
2021-09-30,346,299,645,ชัยภูมิ
2021-09-30,118,109,227,อุตรดิตถ์
2021-09-30,33,45,78,สมุทรสงคราม
2021-09-30,155,157,312,พัทลุง
2021-09-30,333,279,612,กาฬสินธุ์
2021-09-30,470,470,940,สุรินทร์
2021-09-30,260,262,522,สระบุรี
2021-09-30,740,762,1502,อุบลราชธานี
2021-09-30,273,270,543,นครปฐม
2021-09-30,162,143,305,หนองบัวลำภู
2021-09-30,540,499,1039,สมุทรปราการ
2021-09-30,340,352,692,ระยอง
2021-09-30,69,82,151,ระนอง
2021-09-30,135,127,262,นครนายก
2021-09-30,433,368,801,ยะลา
2021-09-30,428,362,790,ร้อยเอ็ด
2021-09-30,65,81,146,สิงห์บุรี
2021-09-30,309,264,573,ฉะเชิงเทรา
2021-09-30,93,84,177,ตราด
2021-09-30,335,337,672,ราชบุรี
2021-09-30,235,173,408,ภูเก็ต
2021-09-30,232,236,468,ตรัง
2021-09-30,146,168,314,เพชรบุรี
2021-09-30,228,221,449,นครพนม
2021-09-30,146,156,302,บึงกาฬ
2021-09-30,340,340,680,นครสวรรค์
2021-09-30,353,296,649,พิษณุโลก
2021-09-30,273,293,566,มหาสารคาม
2021-09-30,255,190,445,ประจวบคีรีขันธ์
2021-09-30,430,381,811,ปัตตานี
2021-09-30,446,424,870,สกลนคร
2021-09-30,467,396,863,ปทุมธานี
2021-09-30,128,124,252,แม่ฮ่องสอน
2021-09-30,69,86,155,อ่างทอง
2021-09-30,228,222,450,สระแก้ว
2021-09-30,147,132,279,มุกดาหาร
2021-09-30,127,136,263,พะเยา
2021-09-30,143,118,261,อำนาจเจริญ
2021-09-30,463,444,907,ศรีสะเกษ
2021-09-30,349,326,675,กาญจนบุรี
2021-09-30,244,224,468,ปราจีนบุรี
2021-09-30,98,97,195,อุทัยธานี
2021-09-30,457,419,876,เชียงราย
2021-09-30,272,270,542,เพชรบูรณ์
2021-09-30,206,183,389,กำแพงเพชร
2021-09-30,232,223,455,ชุมพร
2021-09-30,595,587,1182,นครศรีธรรมราช
2021-09-30,685,689,1374,สงขลา
2021-09-30,2767,2543,5310,กรุงเทพมหานคร
2021-09-30,279,240,519,จันทบุรี
2021-09-30,84,97,181,พังงา
2021-09-30,136,151,287,พิจิตร
2021-09-30,133,145,278,สุโขทัย
2021-09-30,195,186,381,ยโสธร
2021-09-30,212,190,402,หนองคาย
2021-09-30,72,66,138,ชัยนาท
2021-09-30,980,916,1896,นครราชสีมา
2021-09-30,284,255,539,พระนครศรีอยุธยา
2021-09-30,355,348,703,นนทบุรี
2021-09-30,105,95,200,แพร่
2021-09-30,311,275,586,สมุทรสาคร
2021-10-31,699,612,1311,อุบลราชธานี
2021-10-31,259,252,511,นครปฐม
2021-10-31,101,82,183,อุทัยธานี
2021-10-31,71,57,128,ระนอง
2021-10-31,259,273,532,กาฬสินธุ์
2021-10-31,196,207,403,ประจวบคีรีขันธ์
2021-10-31,409,421,830,สุรินทร์
2021-10-31,276,280,556,สมุทรสาคร
2021-10-31,188,170,358,หนองคาย
2021-10-31,378,323,701,ร้อยเอ็ด
2021-10-31,324,320,644,นนทบุรี
2021-10-31,150,145,295,สุโขทัย
2021-10-31,149,181,330,ลำปาง
2021-10-31,127,124,251,น่าน
2021-10-31,633,663,1296,สงขลา
2021-10-31,684,632,1316,เชียงใหม่
2021-10-31,92,87,179,แพร่
2021-10-31,170,188,358,ภูเก็ต
2021-10-31,353,352,705,ตาก
2021-10-31,226,232,458,มหาสารคาม
2021-10-31,408,404,812,ปัตตานี
2021-10-31,444,406,850,เชียงราย
2021-10-31,646,548,1194,ขอนแก่น
2021-10-31,318,283,601,ราชบุรี
2021-10-31,71,74,145,ตราด
2021-10-31,421,420,841,ศรีสะเกษ
2021-10-31,296,279,575,ชัยภูมิ
2021-10-31,227,227,454,สระแก้ว
2021-10-31,367,426,793,ยะลา
2021-10-31,291,304,595,พิษณุโลก
2021-10-31,1001,915,1916,ชลบุรี
2021-10-31,322,283,605,นครสวรรค์
2021-10-31,503,438,941,สุราษฎร์ธานี
2021-10-31,151,117,268,มุกดาหาร
2021-10-31,227,178,405,ลพบุรี
2021-10-31,167,151,318,ยโสธร
2021-10-31,547,535,1082,นครศรีธรรมราช
2021-10-31,158,151,309,พิจิตร
2021-10-31,101,82,183,พังงา
2021-10-31,229,243,472,พระนครศรีอยุธยา
2021-10-31,186,185,371,กำแพงเพชร
2021-10-31,143,137,280,แม่ฮ่องสอน
2021-10-31,215,187,402,ชุมพร
2021-10-31,423,405,828,ปทุมธานี
2021-10-31,389,367,756,สกลนคร
2021-10-31,280,246,526,เพชรบูรณ์
2021-10-31,113,119,232,อำนาจเจริญ
2021-10-31,209,189,398,ปราจีนบุรี
2021-10-31,53,57,110,ชัยนาท
2021-10-31,297,305,602,กาญจนบุรี
2021-10-31,238,225,463,เลย
2021-10-31,869,809,1678,นครราชสีมา
2021-10-31,127,116,243,พะเยา
2021-10-31,144,170,314,พัทลุง
2021-10-31,2681,2396,5077,กรุงเทพมหานคร
2021-10-31,428,473,901,บุรีรัมย์
2021-10-31,146,142,288,เพชรบุรี
2021-10-31,539,452,991,อุดรธานี
2021-10-31,248,228,476,จันทบุรี
2021-10-31,371,313,684,ระยอง
2021-10-31,78,53,131,สิงห์บุรี
2021-10-31,232,217,449,กระบี่
2021-10-31,490,463,953,สมุทรปราการ
2021-10-31,128,138,266,สตูล
2021-10-31,124,98,222,อุตรดิตถ์
2021-10-31,307,273,580,ฉะเชิงเทรา
2021-10-31,151,149,300,บึงกาฬ
2021-10-31,133,165,298,หนองบัวลำภู
2021-10-31,269,221,490,สระบุรี
2021-10-31,239,244,483,ตรัง
2021-10-31,485,493,978,นราธิวาส
2021-10-31,73,63,136,อ่างทอง
2021-10-31,290,295,585,สุพรรณบุรี
2021-10-31,48,31,79,สมุทรสงคราม
2021-10-31,114,101,215,ลำพูน
2021-10-31,206,194,400,นครพนม
2021-10-31,122,107,229,นครนายก
2021-11-30,752,715,1467,อุบลราชธานี
2021-11-30,240,241,481,เลย
2021-11-30,355,322,677,ระยอง
2021-11-30,41,39,80,สมุทรสงคราม
2021-11-30,156,170,326,พัทลุง
2021-11-30,481,429,910,สุราษฎร์ธานี
2021-11-30,196,194,390,ภูเก็ต
2021-11-30,1084,956,2040,ชลบุรี
2021-11-30,143,144,287,เพชรบุรี
2021-11-30,91,88,179,แพร่
2021-11-30,450,417,867,ตาก
2021-11-30,125,105,230,ลำพูน
2021-11-30,133,138,271,น่าน
2021-11-30,498,500,998,อุดรธานี
2021-11-30,392,347,739,ร้อยเอ็ด
2021-11-30,162,154,316,ยโสธร
2021-11-30,475,401,876,ปทุมธานี
2021-11-30,330,339,669,นนทบุรี
2021-11-30,140,146,286,แม่ฮ่องสอน
2021-11-30,241,211,452,นครพนม
2021-11-30,430,417,847,เชียงราย
2021-11-30,205,193,398,กำแพงเพชร
2021-11-30,71,66,137,ระนอง
2021-11-30,68,86,154,ชัยนาท
2021-11-30,156,125,281,บึงกาฬ
2021-11-30,254,250,504,จันทบุรี
2021-11-30,133,117,250,พะเยา
2021-11-30,509,498,1007,สมุทรปราการ
2021-11-30,298,281,579,เพชรบูรณ์
2021-11-30,211,200,411,ชุมพร
2021-11-30,358,298,656,ราชบุรี
2021-11-30,477,407,884,สุรินทร์
2021-11-30,285,262,547,กาฬสินธุ์
2021-11-30,83,88,171,พังงา
2021-11-30,282,240,522,พระนครศรีอยุธยา
2021-11-30,278,273,551,พิษณุโลก
2021-11-30,133,140,273,พิจิตร
2021-11-30,289,266,555,สระบุรี
2021-11-30,224,211,435,ลพบุรี
2021-11-30,112,118,230,นครนายก
2021-11-30,166,176,342,หนองบัวลำภู
2021-11-30,132,135,267,มุกดาหาร
2021-11-30,73,72,145,สิงห์บุรี
2021-11-30,430,409,839,ยะลา
2021-11-30,289,317,606,ฉะเชิงเทรา
2021-11-30,317,292,609,นครสวรรค์
2021-11-30,231,220,451,ตรัง
2021-11-30,168,134,302,สตูล
2021-11-30,524,459,983,นราธิวาส
2021-11-30,603,659,1262,นครศรีธรรมราช
2021-11-30,292,264,556,สุพรรณบุรี
2021-11-30,72,56,128,อ่างทอง
2021-11-30,214,194,408,กระบี่
2021-11-30,196,199,395,ประจวบคีรีขันธ์
2021-11-30,114,67,181,ตราด
2021-11-30,266,249,515,นครปฐม
2021-11-30,503,458,961,บุรีรัมย์
2021-11-30,139,143,282,สุโขทัย
2021-11-30,930,866,1796,นครราชสีมา
2021-11-30,478,482,960,ปัตตานี
2021-11-30,391,415,806,สกลนคร
2021-11-30,172,156,328,หนองคาย
2021-11-30,173,145,318,ลำปาง
2021-11-30,264,220,484,มหาสารคาม
2021-11-30,298,279,577,กาญจนบุรี
2021-11-30,247,220,467,สระแก้ว
2021-11-30,754,687,1441,เชียงใหม่
2021-11-30,133,106,239,อุตรดิตถ์
2021-11-30,220,215,435,ปราจีนบุรี
2021-11-30,87,91,178,อุทัยธานี
2021-11-30,340,344,684,ชัยภูมิ
2021-11-30,2658,2456,5114,กรุงเทพมหานคร
2021-11-30,677,579,1256,ขอนแก่น
2021-11-30,301,293,594,สมุทรสาคร
2021-11-30,145,106,251,อำนาจเจริญ
2021-11-30,482,439,921,ศรีสะเกษ
2021-11-30,696,679,1375,สงขลา
2021-12-31,227,183,410,เลย
2021-12-31,2661,2475,5136,กรุงเทพมหานคร
2021-12-31,545,535,1080,นครศรีธรรมราช
2021-12-31,140,164,304,พัทลุง
2021-12-31,385,356,741,สกลนคร
2021-12-31,123,131,254,มุกดาหาร
2021-12-31,835,752,1587,นครราชสีมา
2021-12-31,191,180,371,ลพบุรี
2021-12-31,169,123,292,พิจิตร
2021-12-31,286,314,600,กาญจนบุรี
2021-12-31,220,186,406,ปราจีนบุรี
2021-12-31,139,112,251,สตูล
2021-12-31,265,256,521,เพชรบูรณ์
2021-12-31,117,95,212,ลำพูน
2021-12-31,197,201,398,ชุมพร
2021-12-31,463,389,852,ยะลา
2021-12-31,217,174,391,กำแพงเพชร
2021-12-31,280,257,537,สมุทรสาคร
2021-12-31,488,453,941,อุดรธานี
2021-12-31,404,391,795,ศรีสะเกษ
2021-12-31,92,82,174,แพร่
2021-12-31,438,403,841,ปัตตานี
2021-12-31,665,595,1260,สงขลา
2021-12-31,124,132,256,สุโขทัย
2021-12-31,347,331,678,นนทบุรี
2021-12-31,746,660,1406,เชียงใหม่
2021-12-31,200,190,390,สระแก้ว
2021-12-31,455,372,827,ตาก
2021-12-31,133,88,221,พะเยา
2021-12-31,129,113,242,น่าน
2021-12-31,341,327,668,ร้อยเอ็ด
2021-12-31,624,554,1178,ขอนแก่น
2021-12-31,72,76,148,ตราด
2021-12-31,66,65,131,ระนอง
2021-12-31,260,209,469,นครปฐม
2021-12-31,457,387,844,สุรินทร์
2021-12-31,272,246,518,สุพรรณบุรี
2021-12-31,461,479,940,นราธิวาส
2021-12-31,276,271,547,ฉะเชิงเทรา
2021-12-31,149,129,278,บึงกาฬ
2021-12-31,235,222,457,นครพนม
2021-12-31,261,219,480,จันทบุรี
2021-12-31,486,467,953,บุรีรัมย์
2021-12-31,318,304,622,ระยอง
2021-12-31,523,443,966,สมุทรปราการ
2021-12-31,283,270,553,พิษณุโลก
2021-12-31,690,655,1345,อุบลราชธานี
2021-12-31,122,96,218,นครนายก
2021-12-31,286,257,543,กาฬสินธุ์
2021-12-31,294,315,609,ราชบุรี
2021-12-31,25,45,70,สมุทรสงคราม
2021-12-31,66,50,116,สิงห์บุรี
2021-12-31,421,441,862,เชียงราย
2021-12-31,156,161,317,หนองคาย
2021-12-31,89,93,182,อุทัยธานี
2021-12-31,63,63,126,อ่างทอง
2021-12-31,238,234,472,มหาสารคาม
2021-12-31,922,900,1822,ชลบุรี
2021-12-31,120,148,268,หนองบัวลำภู
2021-12-31,248,227,475,สระบุรี
2021-12-31,327,308,635,ชัยภูมิ
2021-12-31,410,384,794,ปทุมธานี
2021-12-31,165,174,339,ยโสธร
2021-12-31,83,84,167,พังงา
2021-12-31,413,407,820,สุราษฎร์ธานี
2021-12-31,125,113,238,อำนาจเจริญ
2021-12-31,49,46,95,ชัยนาท
2021-12-31,142,145,287,ลำปาง
2021-12-31,206,195,401,ประจวบคีรีขันธ์
2021-12-31,124,135,259,แม่ฮ่องสอน
2021-12-31,224,211,435,ตรัง
2021-12-31,252,241,493,พระนครศรีอยุธยา
2021-12-31,215,190,405,ภูเก็ต
2021-12-31,95,108,203,อุตรดิตถ์
2021-12-31,221,212,433,กระบี่
2021-12-31,283,273,556,นครสวรรค์
2021-12-31,130,126,256,เพชรบุรี
2022-01-31,54,60,114,อ่างทอง
2022-01-31,161,146,307,ภูเก็ต
2022-01-31,117,98,215,อำนาจเจริญ
2022-01-31,169,164,333,ลพบุรี
2022-01-31,888,847,1735,ชลบุรี
2022-01-31,208,212,420,มหาสารคาม
2022-01-31,35,32,67,สมุทรสงคราม
2022-01-31,425,378,803,ปัตตานี
2022-01-31,105,104,209,มุกดาหาร
2022-01-31,555,596,1151,สงขลา
2022-01-31,96,81,177,นครนายก
2022-01-31,177,176,353,กระบี่
2022-01-31,366,390,756,สุราษฎร์ธานี
2022-01-31,466,427,893,นราธิวาส
2022-01-31,86,85,171,อุตรดิตถ์
2022-01-31,136,111,247,สตูล
2022-01-31,618,596,1214,อุบลราชธานี
2022-01-31,727,713,1440,นครราชสีมา
2022-01-31,237,260,497,กาญจนบุรี
2022-01-31,409,411,820,ตาก
2022-01-31,274,281,555,นนทบุรี
2022-01-31,190,189,379,ปราจีนบุรี
2022-01-31,2268,2096,4364,กรุงเทพมหานคร
2022-01-31,122,120,242,น่าน
2022-01-31,80,76,156,แพร่
2022-01-31,108,105,213,พะเยา
2022-01-31,214,177,391,จันทบุรี
2022-01-31,184,175,359,ชุมพร
2022-01-31,127,134,261,พิจิตร
2022-01-31,407,366,773,เชียงราย
2022-01-31,340,298,638,สกลนคร
2022-01-31,263,234,497,สมุทรสาคร
2022-01-31,88,85,173,อุทัยธานี
2022-01-31,228,246,474,เพชรบูรณ์
2022-01-31,218,214,432,พระนครศรีอยุธยา
2022-01-31,400,406,806,ศรีสะเกษ
2022-01-31,65,66,131,ระนอง
2022-01-31,375,346,721,ปทุมธานี
2022-01-31,77,64,141,พังงา
2022-01-31,122,134,256,บึงกาฬ
2022-01-31,292,246,538,นครสวรรค์
2022-01-31,303,304,607,ร้อยเอ็ด
2022-01-31,122,119,241,สุโขทัย
2022-01-31,409,361,770,ยะลา
2022-01-31,239,197,436,สุพรรณบุรี
2022-01-31,226,240,466,ฉะเชิงเทรา
2022-01-31,456,409,865,อุดรธานี
2022-01-31,228,212,440,นครปฐม
2022-01-31,158,170,328,ประจวบคีรีขันธ์
2022-01-31,49,60,109,ชัยนาท
2022-01-31,81,69,150,ตราด
2022-01-31,132,159,291,กำแพงเพชร
2022-01-31,123,110,233,แม่ฮ่องสอน
2022-01-31,184,157,341,นครพนม
2022-01-31,93,105,198,ลำพูน
2022-01-31,171,172,343,สระแก้ว
2022-01-31,130,124,254,เพชรบุรี
2022-01-31,233,225,458,พิษณุโลก
2022-01-31,539,518,1057,ขอนแก่น
2022-01-31,178,180,358,ตรัง
2022-01-31,53,49,102,สิงห์บุรี
2022-01-31,111,118,229,หนองบัวลำภู
2022-01-31,515,447,962,นครศรีธรรมราช
2022-01-31,423,383,806,บุรีรัมย์
2022-01-31,311,240,551,ระยอง
2022-01-31,398,351,749,สุรินทร์
2022-01-31,285,256,541,ราชบุรี
2022-01-31,226,221,447,กาฬสินธุ์
2022-01-31,285,263,548,ชัยภูมิ
2022-01-31,125,127,252,พัทลุง
2022-01-31,643,643,1286,เชียงใหม่
2022-01-31,142,134,276,ลำปาง
2022-01-31,214,181,395,สระบุรี
2022-01-31,176,183,359,เลย
2022-01-31,127,155,282,หนองคาย
2022-01-31,150,124,274,ยโสธร
2022-01-31,448,379,827,สมุทรปราการ
2022-02-28,287,258,545,สกลนคร
2022-02-28,170,175,345,จันทบุรี
2022-02-28,82,76,158,สุโขทัย
2022-02-28,401,389,790,สมุทรปราการ
2022-02-28,92,82,174,อำนาจเจริญ
2022-02-28,63,69,132,แพร่
2022-02-28,228,217,445,พิษณุโลก
2022-02-28,173,157,330,ปราจีนบุรี
2022-02-28,157,161,318,มหาสารคาม
2022-02-28,236,221,457,นนทบุรี
2022-02-28,226,200,426,กาญจนบุรี
2022-02-28,194,194,388,สระบุรี
2022-02-28,615,602,1217,นครราชสีมา
2022-02-28,198,182,380,กาฬสินธุ์
2022-02-28,140,117,257,ชุมพร
2022-02-28,51,45,96,อ่างทอง
2022-02-28,76,69,145,อุตรดิตถ์
2022-02-28,333,296,629,สุรินทร์
2022-02-28,325,340,665,บุรีรัมย์
2022-02-28,540,535,1075,เชียงใหม่
2022-02-28,330,309,639,สุราษฎร์ธานี
2022-02-28,139,143,282,ภูเก็ต
2022-02-28,394,354,748,ยะลา
2022-02-28,96,73,169,มุกดาหาร
2022-02-28,113,108,221,หนองบัวลำภู
2022-02-28,395,358,753,ปัตตานี
2022-02-28,223,229,452,ชัยภูมิ
2022-02-28,427,430,857,ขอนแก่น
2022-02-28,434,380,814,นครศรีธรรมราช
2022-02-28,209,175,384,สุพรรณบุรี
2022-02-28,205,202,407,สมุทรสาคร
2022-02-28,476,480,956,สงขลา
2022-02-28,208,219,427,ฉะเชิงเทรา
2022-02-28,108,90,198,พิจิตร
2022-02-28,169,135,304,ลพบุรี
2022-02-28,173,154,327,ตรัง
2022-02-28,191,206,397,นครปฐม
2022-02-28,235,188,423,นครสวรรค์
2022-02-28,147,130,277,ประจวบคีรีขันธ์
2022-02-28,281,303,584,ศรีสะเกษ
2022-02-28,45,46,91,สิงห์บุรี
2022-02-28,199,181,380,พระนครศรีอยุธยา
2022-02-28,113,124,237,ลำปาง
2022-02-28,64,65,129,อุทัยธานี
2022-02-28,62,54,116,ตราด
2022-02-28,166,158,324,กระบี่
2022-02-28,175,140,315,เลย
2022-02-28,172,151,323,นครพนม
2022-02-28,504,464,968,อุบลราชธานี
2022-02-28,104,79,183,ลำพูน
2022-02-28,1954,1806,3760,กรุงเทพมหานคร
2022-02-28,182,157,339,สระแก้ว
2022-02-28,156,139,295,กำแพงเพชร
2022-02-28,68,69,137,พังงา
2022-02-28,97,98,195,เพชรบุรี
2022-02-28,82,77,159,นครนายก
2022-02-28,45,38,83,ชัยนาท
2022-02-28,21,32,53,สมุทรสงคราม
2022-02-28,223,176,399,เพชรบูรณ์
2022-02-28,349,308,657,อุดรธานี
2022-02-28,98,95,193,ยโสธร
2022-02-28,215,227,442,ร้อยเอ็ด
2022-02-28,121,114,235,แม่ฮ่องสอน
2022-02-28,415,402,817,นราธิวาส
2022-02-28,363,330,693,ตาก
2022-02-28,323,289,612,เชียงราย
2022-02-28,49,55,104,ระนอง
2022-02-28,123,122,245,พัทลุง
2022-02-28,105,107,212,พะเยา
2022-02-28,266,225,491,ระยอง
2022-02-28,791,701,1492,ชลบุรี
2022-02-28,112,120,232,หนองคาย
2022-02-28,222,216,438,ราชบุรี
2022-02-28,93,99,192,สตูล
2022-02-28,349,305,654,ปทุมธานี
2022-02-28,121,89,210,บึงกาฬ
2022-02-28,93,94,187,น่าน
2022-03-31,564,486,1050,อุบลราชธานี
2022-03-31,378,313,691,เชียงราย
2022-03-31,399,372,771,สุราษฎร์ธานี
2022-03-31,119,111,230,พิจิตร
2022-03-31,212,172,384,ตรัง
2022-03-31,43,54,97,ชัยนาท
2022-03-31,198,173,371,ลพบุรี
2022-03-31,225,182,407,เพชรบูรณ์
2022-03-31,366,351,717,ศรีสะเกษ
2022-03-31,239,212,451,นครปฐม
2022-03-31,621,585,1206,สงขลา
2022-03-31,402,382,784,อุดรธานี
2022-03-31,214,240,454,ฉะเชิงเทรา
2022-03-31,65,67,132,ตราด
2022-03-31,617,560,1177,เชียงใหม่
2022-03-31,137,107,244,หนองบัวลำภู
2022-03-31,425,349,774,บุรีรัมย์
2022-03-31,259,253,512,ราชบุรี
2022-03-31,178,159,337,ภูเก็ต
2022-03-31,302,245,547,ระยอง
2022-03-31,244,236,480,นครสวรรค์
2022-03-31,173,168,341,สระแก้ว
2022-03-31,255,244,499,ชัยภูมิ
2022-03-31,125,97,222,สุโขทัย
2022-03-31,123,130,253,เพชรบุรี
2022-03-31,482,454,936,ขอนแก่น
2022-03-31,96,88,184,นครนายก
2022-03-31,479,483,962,นครศรีธรรมราช
2022-03-31,87,95,182,ลำพูน
2022-03-31,384,377,761,ยะลา
2022-03-31,244,219,463,สุพรรณบุรี
2022-03-31,115,101,216,มุกดาหาร
2022-03-31,479,430,909,นราธิวาส
2022-03-31,391,436,827,ปัตตานี
2022-03-31,31,26,57,สมุทรสงคราม
2022-03-31,910,777,1687,ชลบุรี
2022-03-31,127,120,247,พัทลุง
2022-03-31,140,116,256,หนองคาย
2022-03-31,232,239,471,พระนครศรีอยุธยา
2022-03-31,106,80,186,อุตรดิตถ์
2022-03-31,91,66,157,แพร่
2022-03-31,115,121,236,น่าน
2022-03-31,103,96,199,อำนาจเจริญ
2022-03-31,169,138,307,กำแพงเพชร
2022-03-31,95,89,184,บึงกาฬ
2022-03-31,184,185,369,ปราจีนบุรี
2022-03-31,127,117,244,แม่ฮ่องสอน
2022-03-31,2231,2026,4257,กรุงเทพมหานคร
2022-03-31,183,169,352,มหาสารคาม
2022-03-31,65,62,127,ระนอง
2022-03-31,247,196,443,พิษณุโลก
2022-03-31,302,305,607,นนทบุรี
2022-03-31,264,223,487,กาญจนบุรี
2022-03-31,103,101,204,พะเยา
2022-03-31,394,360,754,ตาก
2022-03-31,748,690,1438,นครราชสีมา
2022-03-31,167,171,338,เลย
2022-03-31,210,202,412,กาฬสินธุ์
2022-03-31,237,217,454,สระบุรี
2022-03-31,181,219,400,กระบี่
2022-03-31,433,400,833,สมุทรปราการ
2022-03-31,156,155,311,ชุมพร
2022-03-31,138,127,265,สตูล
2022-03-31,247,263,510,สมุทรสาคร
2022-03-31,186,192,378,จันทบุรี
2022-03-31,127,109,236,ยโสธร
2022-03-31,334,356,690,ปทุมธานี
2022-03-31,58,49,107,สิงห์บุรี
2022-03-31,65,59,124,อ่างทอง
2022-03-31,59,69,128,พังงา
2022-03-31,171,165,336,นครพนม
2022-03-31,275,290,565,สกลนคร
2022-03-31,206,158,364,ประจวบคีรีขันธ์
2022-03-31,87,75,162,อุทัยธานี
2022-03-31,291,283,574,ร้อยเอ็ด
2022-03-31,326,303,629,สุรินทร์
2022-03-31,123,119,242,ลำปาง
2022-04-30,191,217,408,นครปฐม
2022-04-30,187,174,361,เลย
2022-04-30,178,172,350,ตรัง
2022-04-30,384,302,686,บุรีรัมย์
2022-04-30,197,168,365,กาฬสินธุ์
2022-04-30,154,151,305,สระแก้ว
2022-04-30,97,119,216,ลำปาง
2022-04-30,198,169,367,สระบุรี
2022-04-30,120,85,205,ยโสธร
2022-04-30,429,450,879,นครศรีธรรมราช
2022-04-30,174,170,344,ประจวบคีรีขันธ์
2022-04-30,69,57,126,ตราด
2022-04-30,134,114,248,เพชรบุรี
2022-04-30,119,114,233,แม่ฮ่องสอน
2022-04-30,142,125,267,กำแพงเพชร
2022-04-30,321,316,637,เชียงราย
2022-04-30,100,91,191,ลำพูน
2022-04-30,320,288,608,สุรินทร์
2022-04-30,119,117,236,หนองบัวลำภู
2022-04-30,221,237,458,ชัยภูมิ
2022-04-30,228,211,439,ฉะเชิงเทรา
2022-04-30,350,347,697,อุดรธานี
2022-04-30,47,49,96,สิงห์บุรี
2022-04-30,111,124,235,พัทลุง
2022-04-30,490,402,892,ขอนแก่น
2022-04-30,49,51,100,ระนอง
2022-04-30,218,196,414,พิษณุโลก
2022-04-30,213,186,399,สุพรรณบุรี
2022-04-30,164,128,292,นครพนม
2022-04-30,166,162,328,กระบี่
2022-04-30,392,385,777,สมุทรปราการ
2022-04-30,512,502,1014,อุบลราชธานี
2022-04-30,524,510,1034,สงขลา
2022-04-30,87,75,162,อุตรดิตถ์
2022-04-30,126,104,230,พิจิตร
2022-04-30,172,153,325,มหาสารคาม
2022-04-30,64,69,133,แพร่
2022-04-30,171,144,315,ลพบุรี
2022-04-30,42,65,107,ชัยนาท
2022-04-30,165,186,351,ปราจีนบุรี
2022-04-30,84,83,167,อำนาจเจริญ
2022-04-30,738,679,1417,ชลบุรี
2022-04-30,107,88,195,หนองคาย
2022-04-30,315,322,637,ศรีสะเกษ
2022-04-30,68,72,140,พังงา
2022-04-30,123,97,220,น่าน
2022-04-30,187,171,358,พระนครศรีอยุธยา
2022-04-30,80,78,158,อุทัยธานี
2022-04-30,347,313,660,ปทุมธานี
2022-04-30,212,227,439,สมุทรสาคร
2022-04-30,191,179,370,จันทบุรี
2022-04-30,245,214,459,ร้อยเอ็ด
2022-04-30,59,51,110,อ่างทอง
2022-04-30,202,199,401,เพชรบูรณ์
2022-04-30,14,34,48,สมุทรสงคราม
2022-04-30,405,363,768,ปัตตานี
2022-04-30,255,238,493,กาญจนบุรี
2022-04-30,557,473,1030,เชียงใหม่
2022-04-30,162,151,313,ภูเก็ต
2022-04-30,128,102,230,บึงกาฬ
2022-04-30,126,111,237,สตูล
2022-04-30,232,237,469,นครสวรรค์
2022-04-30,241,272,513,ระยอง
2022-04-30,111,110,221,สุโขทัย
2022-04-30,300,245,545,ราชบุรี
2022-04-30,94,98,192,พะเยา
2022-04-30,397,357,754,ตาก
2022-04-30,94,79,173,มุกดาหาร
2022-04-30,152,147,299,ชุมพร
2022-04-30,92,65,157,นครนายก
2022-04-30,672,631,1303,นครราชสีมา
2022-04-30,1996,1860,3856,กรุงเทพมหานคร
2022-04-30,264,255,519,นนทบุรี
2022-04-30,398,366,764,ยะลา
2022-04-30,244,263,507,สกลนคร
2022-04-30,346,339,685,สุราษฎร์ธานี
2022-04-30,411,389,800,นราธิวาส
2022-05-31,71,68,139,พังงา
2022-05-31,95,72,167,อำนาจเจริญ
2022-05-31,199,169,368,ปราจีนบุรี
2022-05-31,87,92,179,พะเยา
2022-05-31,120,118,238,แม่ฮ่องสอน
2022-05-31,640,665,1305,นครราชสีมา
2022-05-31,232,218,450,พิษณุโลก
2022-05-31,209,198,407,สระบุรี
2022-05-31,301,272,573,สกลนคร
2022-05-31,239,222,461,กาญจนบุรี
2022-05-31,2254,1989,4243,กรุงเทพมหานคร
2022-05-31,126,110,236,หนองคาย
2022-05-31,49,69,118,อ่างทอง
2022-05-31,399,389,788,อุดรธานี
2022-05-31,249,241,490,นครสวรรค์
2022-05-31,366,373,739,บุรีรัมย์
2022-05-31,174,177,351,สระแก้ว
2022-05-31,233,248,481,ราชบุรี
2022-05-31,108,95,203,นครนายก
2022-05-31,159,149,308,ชุมพร
2022-05-31,215,180,395,กระบี่
2022-05-31,382,394,776,นราธิวาส
2022-05-31,369,377,746,ยะลา
2022-05-31,208,222,430,สุพรรณบุรี
2022-05-31,234,239,473,ฉะเชิงเทรา
2022-05-31,94,84,178,มุกดาหาร
2022-05-31,382,361,743,เชียงราย
2022-05-31,532,495,1027,สงขลา
2022-05-31,128,105,233,พิจิตร
2022-05-31,510,461,971,นครศรีธรรมราช
2022-05-31,213,200,413,ตรัง
2022-05-31,136,114,250,ลำปาง
2022-05-31,171,178,349,ลพบุรี
2022-05-31,172,164,336,นครพนม
2022-05-31,238,181,419,พระนครศรีอยุธยา
2022-05-31,119,113,232,สตูล
2022-05-31,52,39,91,สิงห์บุรี
2022-05-31,213,202,415,เพชรบูรณ์
2022-05-31,435,432,867,สมุทรปราการ
2022-05-31,374,322,696,สุรินทร์
2022-05-31,78,52,130,ตราด
2022-05-31,51,54,105,ระนอง
2022-05-31,205,165,370,มหาสารคาม
2022-05-31,227,215,442,นครปฐม
2022-05-31,274,253,527,ระยอง
2022-05-31,263,243,506,ร้อยเอ็ด
2022-05-31,406,390,796,ปัตตานี
2022-05-31,131,121,252,พัทลุง
2022-05-31,85,92,177,ลำพูน
2022-05-31,482,441,923,ขอนแก่น
2022-05-31,285,260,545,นนทบุรี
2022-05-31,832,783,1615,ชลบุรี
2022-05-31,242,221,463,ชัยภูมิ
2022-05-31,433,370,803,ตาก
2022-05-31,112,101,213,หนองบัวลำภู
2022-05-31,168,150,318,ภูเก็ต
2022-05-31,118,119,237,เพชรบุรี
2022-05-31,397,381,778,สุราษฎร์ธานี
2022-05-31,33,29,62,สมุทรสงคราม
2022-05-31,225,208,433,กาฬสินธุ์
2022-05-31,170,155,325,เลย
2022-05-31,331,303,634,ศรีสะเกษ
2022-05-31,77,65,142,อุทัยธานี
2022-05-31,93,67,160,อุตรดิตถ์
2022-05-31,52,62,114,ชัยนาท
2022-05-31,147,157,304,กำแพงเพชร
2022-05-31,267,248,515,สมุทรสาคร
2022-05-31,105,104,209,บึงกาฬ
2022-05-31,519,550,1069,อุบลราชธานี
2022-05-31,73,77,150,แพร่
2022-05-31,115,121,236,สุโขทัย
2022-05-31,121,117,238,ยโสธร
2022-05-31,193,188,381,จันทบุรี
2022-05-31,124,113,237,น่าน
2022-05-31,370,359,729,ปทุมธานี
2022-05-31,178,154,332,ประจวบคีรีขันธ์
2022-05-31,588,557,1145,เชียงใหม่
2022-06-30,2254,2116,4370,กรุงเทพมหานคร
2022-06-30,189,187,376,เลย
2022-06-30,208,178,386,กระบี่
2022-06-30,446,412,858,บุรีรัมย์
2022-06-30,70,72,142,พังงา
2022-06-30,291,267,558,ร้อยเอ็ด
2022-06-30,430,377,807,ปทุมธานี
2022-06-30,489,514,1003,ขอนแก่น
2022-06-30,115,101,216,น่าน
2022-06-30,280,226,506,ชัยภูมิ
2022-06-30,184,139,323,ภูเก็ต
2022-06-30,240,267,507,นครสวรรค์
2022-06-30,216,215,431,จันทบุรี
2022-06-30,115,93,208,สุโขทัย
2022-06-30,244,227,471,พระนครศรีอยุธยา
2022-06-30,285,251,536,สมุทรสาคร
2022-06-30,137,110,247,พิจิตร
2022-06-30,78,86,164,แพร่
2022-06-30,71,80,151,อุทัยธานี
2022-06-30,67,64,131,อ่างทอง
2022-06-30,119,114,233,บึงกาฬ
2022-06-30,202,167,369,ปราจีนบุรี
2022-06-30,239,223,462,กาญจนบุรี
2022-06-30,615,537,1152,สงขลา
2022-06-30,400,314,714,สุราษฎร์ธานี
2022-06-30,209,165,374,มหาสารคาม
2022-06-30,396,361,757,ปัตตานี
2022-06-30,290,281,571,นนทบุรี
2022-06-30,101,111,212,มุกดาหาร
2022-06-30,82,84,166,อำนาจเจริญ
2022-06-30,782,731,1513,นครราชสีมา
2022-06-30,374,350,724,ยะลา
2022-06-30,567,502,1069,เชียงใหม่
2022-06-30,355,327,682,ศรีสะเกษ
2022-06-30,91,116,207,พะเยา
2022-06-30,386,352,738,ตาก
2022-06-30,128,113,241,หนองบัวลำภู
2022-06-30,294,287,581,สกลนคร
2022-06-30,244,217,461,เพชรบูรณ์
2022-06-30,221,180,401,สุพรรณบุรี
2022-06-30,193,178,371,ลพบุรี
2022-06-30,356,309,665,เชียงราย
2022-06-30,250,195,445,สระบุรี
2022-06-30,181,167,348,นครพนม
2022-06-30,239,240,479,นครปฐม
2022-06-30,277,258,535,ราชบุรี
2022-06-30,283,309,592,ระยอง
2022-06-30,328,342,670,สุรินทร์
2022-06-30,54,41,95,สิงห์บุรี
2022-06-30,881,807,1688,ชลบุรี
2022-06-30,170,200,370,ประจวบคีรีขันธ์
2022-06-30,214,201,415,กาฬสินธุ์
2022-06-30,128,122,250,หนองคาย
2022-06-30,146,121,267,พัทลุง
2022-06-30,367,358,725,อุดรธานี
2022-06-30,218,234,452,พิษณุโลก
2022-06-30,157,151,308,สระแก้ว
2022-06-30,140,104,244,เพชรบุรี
2022-06-30,136,122,258,ลำปาง
2022-06-30,122,112,234,นครนายก
2022-06-30,131,117,248,ยโสธร
2022-06-30,33,27,60,สมุทรสงคราม
2022-06-30,61,47,108,ชัยนาท
2022-06-30,252,219,471,ฉะเชิงเทรา
2022-06-30,610,512,1122,อุบลราชธานี
2022-06-30,60,50,110,ตราด
2022-06-30,196,199,395,ตรัง
2022-06-30,81,85,166,อุตรดิตถ์
2022-06-30,439,450,889,นราธิวาส
2022-06-30,489,437,926,สมุทรปราการ
2022-06-30,152,141,293,ชุมพร
2022-06-30,99,90,189,ลำพูน
2022-06-30,164,130,294,กำแพงเพชร
2022-06-30,180,173,353,แม่ฮ่องสอน
2022-06-30,59,54,113,ระนอง
2022-06-30,127,94,221,สตูล
2022-06-30,514,488,1002,นครศรีธรรมราช
2022-07-31,134,137,271,แม่ฮ่องสอน
2022-07-31,97,105,202,ลำพูน
2022-07-31,99,86,185,อุตรดิตถ์
2022-07-31,171,157,328,ลพบุรี
2022-07-31,127,112,239,พัทลุง
2022-07-31,260,244,504,สมุทรสาคร
2022-07-31,203,138,341,จันทบุรี
2022-07-31,182,181,363,ปราจีนบุรี
2022-07-31,256,203,459,พระนครศรีอยุธยา
2022-07-31,133,114,247,ยโสธร
2022-07-31,178,165,343,นครพนม
2022-07-31,323,301,624,ศรีสะเกษ
2022-07-31,52,48,100,ชัยนาท
2022-07-31,59,72,131,อุทัยธานี
2022-07-31,236,255,491,กาญจนบุรี
2022-07-31,135,131,266,กำแพงเพชร
2022-07-31,109,81,190,น่าน
2022-07-31,290,277,567,นนทบุรี
2022-07-31,169,157,326,ชุมพร
2022-07-31,339,285,624,เชียงราย
2022-07-31,539,463,1002,อุบลราชธานี
2022-07-31,29,37,66,สมุทรสงคราม
2022-07-31,440,422,862,นราธิวาส
2022-07-31,127,104,231,สตูล
2022-07-31,282,231,513,ร้อยเอ็ด
2022-07-31,56,71,127,พังงา
2022-07-31,171,148,319,กระบี่
2022-07-31,140,124,264,หนองคาย
2022-07-31,285,271,556,ระยอง
2022-07-31,328,313,641,ปทุมธานี
2022-07-31,91,92,183,นครนายก
2022-07-31,2436,2233,4669,กรุงเทพมหานคร
2022-07-31,302,327,629,สกลนคร
2022-07-31,249,245,494,ราชบุรี
2022-07-31,857,748,1605,ชลบุรี
2022-07-31,340,297,637,ตาก
2022-07-31,208,183,391,ตรัง
2022-07-31,220,199,419,เพชรบูรณ์
2022-07-31,401,355,756,อุดรธานี
2022-07-31,685,646,1331,นครราชสีมา
2022-07-31,94,96,190,พะเยา
2022-07-31,71,79,150,อำนาจเจริญ
2022-07-31,155,177,332,สระแก้ว
2022-07-31,110,109,219,เพชรบุรี
2022-07-31,180,159,339,มหาสารคาม
2022-07-31,105,123,228,บึงกาฬ
2022-07-31,63,65,128,ตราด
2022-07-31,192,192,384,เลย
2022-07-31,126,112,238,ลำปาง
2022-07-31,210,215,425,กาฬสินธุ์
2022-07-31,221,195,416,สระบุรี
2022-07-31,448,437,885,นครศรีธรรมราช
2022-07-31,365,359,724,บุรีรัมย์
2022-07-31,179,162,341,ภูเก็ต
2022-07-31,545,485,1030,สงขลา
2022-07-31,362,362,724,ปัตตานี
2022-07-31,236,207,443,พิษณุโลก
2022-07-31,91,106,197,มุกดาหาร
2022-07-31,346,315,661,สุรินทร์
2022-07-31,66,45,111,สิงห์บุรี
2022-07-31,245,232,477,นครสวรรค์
2022-07-31,136,143,279,ประจวบคีรีขันธ์
2022-07-31,114,93,207,สุโขทัย
2022-07-31,131,121,252,หนองบัวลำภู
2022-07-31,395,303,698,ยะลา
2022-07-31,526,516,1042,เชียงใหม่
2022-07-31,435,442,877,ขอนแก่น
2022-07-31,189,167,356,สุพรรณบุรี
2022-07-31,376,339,715,สุราษฎร์ธานี
2022-07-31,71,70,141,แพร่
2022-07-31,116,92,208,พิจิตร
2022-07-31,62,64,126,อ่างทอง
2022-07-31,461,387,848,สมุทรปราการ
2022-07-31,237,237,474,ฉะเชิงเทรา
2022-07-31,61,60,121,ระนอง
2022-07-31,233,194,427,นครปฐม
2022-07-31,274,212,486,ชัยภูมิ
2022-08-31,283,293,576,ฉะเชิงเทรา
2022-08-31,622,522,1144,นครศรีธรรมราช
2022-08-31,2785,2585,5370,กรุงเทพมหานคร
2022-08-31,1091,1000,2091,ชลบุรี
2022-08-31,139,139,278,ลำปาง
2022-08-31,148,133,281,สุโขทัย
2022-08-31,319,302,621,ชัยภูมิ
2022-08-31,524,462,986,อุดรธานี
2022-08-31,35,39,74,สมุทรสงคราม
2022-08-31,145,148,293,หนองบัวลำภู
2022-08-31,576,495,1071,นราธิวาส
2022-08-31,219,221,440,ประจวบคีรีขันธ์
2022-08-31,745,645,1390,อุบลราชธานี
2022-08-31,426,415,841,สุรินทร์
2022-08-31,434,355,789,สกลนคร
2022-08-31,220,172,392,ชุมพร
2022-08-31,371,341,712,ระยอง
2022-08-31,698,621,1319,ขอนแก่น
2022-08-31,284,282,566,สุพรรณบุรี
2022-08-31,222,212,434,เลย
2022-08-31,271,254,525,เพชรบูรณ์
2022-08-31,196,195,391,ภูเก็ต
2022-08-31,136,118,254,นครนายก
2022-08-31,171,183,354,หนองคาย
2022-08-31,464,459,923,ตาก
2022-08-31,458,471,929,ปทุมธานี
2022-08-31,521,478,999,บุรีรัมย์
2022-08-31,372,357,729,ร้อยเอ็ด
2022-08-31,363,319,682,ราชบุรี
2022-08-31,143,126,269,พัทลุง
2022-08-31,209,206,415,กระบี่
2022-08-31,268,281,549,นครปฐม
2022-08-31,239,196,435,ลพบุรี
2022-08-31,149,139,288,สตูล
2022-08-31,313,279,592,นครสวรรค์
2022-08-31,94,77,171,พังงา
2022-08-31,87,77,164,ตราด
2022-08-31,151,138,289,น่าน
2022-08-31,749,659,1408,เชียงใหม่
2022-08-31,124,118,242,แม่ฮ่องสอน
2022-08-31,313,271,584,พระนครศรีอยุธยา
2022-08-31,149,150,299,พิจิตร
2022-08-31,312,335,647,สมุทรสาคร
2022-08-31,247,257,504,สระบุรี
2022-08-31,249,214,463,ปราจีนบุรี
2022-08-31,231,243,474,นครพนม
2022-08-31,225,186,411,ตรัง
2022-08-31,74,69,143,อ่างทอง
2022-08-31,69,60,129,ชัยนาท
2022-08-31,174,155,329,บึงกาฬ
2022-08-31,191,189,380,กำแพงเพชร
2022-08-31,112,84,196,อุทัยธานี
2022-08-31,464,403,867,เชียงราย
2022-08-31,303,262,565,กาฬสินธุ์
2022-08-31,81,61,142,ระนอง
2022-08-31,226,255,481,จันทบุรี
2022-08-31,611,530,1141,สมุทรปราการ
2022-08-31,709,622,1331,สงขลา
2022-08-31,316,302,618,กาญจนบุรี
2022-08-31,499,443,942,ปัตตานี
2022-08-31,163,137,300,เพชรบุรี
2022-08-31,262,230,492,มหาสารคาม
2022-08-31,244,218,462,สระแก้ว
2022-08-31,59,49,108,สิงห์บุรี
2022-08-31,456,431,887,ยะลา
2022-08-31,437,403,840,ศรีสะเกษ
2022-08-31,939,817,1756,นครราชสีมา
2022-08-31,112,102,214,ลำพูน
2022-08-31,502,426,928,สุราษฎร์ธานี
2022-08-31,122,111,233,อุตรดิตถ์
2022-08-31,122,115,237,พะเยา
2022-08-31,288,281,569,พิษณุโลก
2022-08-31,114,129,243,อำนาจเจริญ
2022-08-31,164,130,294,มุกดาหาร
2022-08-31,328,309,637,นนทบุรี
2022-08-31,164,164,328,ยโสธร
2022-08-31,104,94,198,แพร่
2022-09-30,146,130,276,อุตรดิตถ์
2022-09-30,534,487,1021,นราธิวาส
2022-09-30,531,515,1046,อุดรธานี
2022-09-30,33,44,77,สมุทรสงคราม
2022-09-30,277,243,520,นครปฐม
2022-09-30,284,217,501,กาฬสินธุ์
2022-09-30,543,529,1072,สมุทรปราการ
2022-09-30,110,74,184,ตราด
2022-09-30,184,172,356,หนองคาย
2022-09-30,575,542,1117,นครศรีธรรมราช
2022-09-30,155,132,287,แม่ฮ่องสอน
2022-09-30,219,214,433,สระแก้ว
2022-09-30,70,74,144,สิงห์บุรี
2022-09-30,151,125,276,เพชรบุรี
2022-09-30,1078,1015,2093,ชลบุรี
2022-09-30,165,133,298,ยโสธร
2022-09-30,311,295,606,พิษณุโลก
2022-09-30,121,109,230,ลำพูน
2022-09-30,342,356,698,ระยอง
2022-09-30,456,445,901,สุรินทร์
2022-09-30,268,234,502,สระบุรี
2022-09-30,209,239,448,นครพนม
2022-09-30,323,318,641,ราชบุรี
2022-09-30,136,118,254,นครนายก
2022-09-30,72,75,147,ระนอง
2022-09-30,198,184,382,กำแพงเพชร
2022-09-30,167,157,324,ลำปาง
2022-09-30,650,615,1265,ขอนแก่น
2022-09-30,237,219,456,ประจวบคีรีขันธ์
2022-09-30,492,429,921,สุราษฎร์ธานี
2022-09-30,726,657,1383,อุบลราชธานี
2022-09-30,410,413,823,สกลนคร
2022-09-30,229,217,446,ตรัง
2022-09-30,179,153,332,หนองบัวลำภู
2022-09-30,547,481,1028,ตาก
2022-09-30,337,297,634,ชัยภูมิ
2022-09-30,142,149,291,พัทลุง
2022-09-30,450,410,860,ยะลา
2022-09-30,863,880,1743,นครราชสีมา
2022-09-30,127,134,261,มุกดาหาร
2022-09-30,335,325,660,นนทบุรี
2022-09-30,102,131,233,อำนาจเจริญ
2022-09-30,630,694,1324,เชียงใหม่
2022-09-30,249,217,466,เลย
2022-09-30,657,623,1280,สงขลา
2022-09-30,324,315,639,กาญจนบุรี
2022-09-30,287,262,549,ปราจีนบุรี
2022-09-30,82,64,146,อ่างทอง
2022-09-30,453,420,873,ปัตตานี
2022-09-30,70,67,137,ชัยนาท
2022-09-30,97,86,183,อุทัยธานี
2022-09-30,151,112,263,พะเยา
2022-09-30,435,424,859,เชียงราย
2022-09-30,87,80,167,แพร่
2022-09-30,205,226,431,จันทบุรี
2022-09-30,344,316,660,สมุทรสาคร
2022-09-30,304,263,567,พระนครศรีอยุธยา
2022-09-30,152,139,291,พิจิตร
2022-09-30,151,165,316,บึงกาฬ
2022-09-30,485,407,892,ศรีสะเกษ
2022-09-30,2769,2561,5330,กรุงเทพมหานคร
2022-09-30,130,151,281,สุโขทัย
2022-09-30,238,235,473,มหาสารคาม
2022-09-30,345,355,700,ร้อยเอ็ด
2022-09-30,284,263,547,ฉะเชิงเทรา
2022-09-30,231,213,444,ลพบุรี
2022-09-30,335,293,628,นครสวรรค์
2022-09-30,190,186,376,ชุมพร
2022-09-30,200,173,373,ภูเก็ต
2022-09-30,104,75,179,พังงา
2022-09-30,122,180,302,น่าน
2022-09-30,539,514,1053,บุรีรัมย์
2022-09-30,251,206,457,กระบี่
2022-09-30,494,459,953,ปทุมธานี
2022-09-30,145,139,284,สตูล
2022-09-30,276,244,520,เพชรบูรณ์
2022-09-30,289,281,570,สุพรรณบุรี
2022-10-31,276,278,554,ฉะเชิงเทรา
2022-10-31,272,250,522,สุพรรณบุรี
2022-10-31,61,47,108,ชัยนาท
2022-10-31,62,73,135,อ่างทอง
2022-10-31,442,453,895,ปทุมธานี
2022-10-31,203,197,400,ลพบุรี
2022-10-31,188,175,363,ชุมพร
2022-10-31,228,244,472,จันทบุรี
2022-10-31,312,313,625,สมุทรสาคร
2022-10-31,263,266,529,พระนครศรีอยุธยา
2022-10-31,276,242,518,นครปฐม
2022-10-31,151,131,282,สตูล
2022-10-31,91,67,158,ตราด
2022-10-31,507,491,998,สมุทรปราการ
2022-10-31,650,627,1277,สงขลา
2022-10-31,38,30,68,สมุทรสงคราม
2022-10-31,296,309,605,ระยอง
2022-10-31,226,236,462,ปราจีนบุรี
2022-10-31,2781,2459,5240,กรุงเทพมหานคร
2022-10-31,437,463,900,ยะลา
2022-10-31,1082,960,2042,ชลบุรี
2022-10-31,130,128,258,เพชรบุรี
2022-10-31,192,178,370,ภูเก็ต
2022-10-31,209,193,402,กระบี่
2022-10-31,67,71,138,พังงา
2022-10-31,160,119,279,พัทลุง
2022-10-31,491,471,962,นราธิวาส
2022-10-31,204,207,411,ประจวบคีรีขันธ์
2022-10-31,332,317,649,นนทบุรี
2022-10-31,113,94,207,นครนายก
2022-10-31,61,57,118,สิงห์บุรี
2022-10-31,82,78,160,ระนอง
2022-10-31,446,415,861,สุราษฎร์ธานี
2022-10-31,189,217,406,ตรัง
2022-10-31,239,245,484,สระบุรี
2022-10-31,323,282,605,กาญจนบุรี
2022-10-31,603,510,1113,นครศรีธรรมราช
2022-10-31,448,447,895,ปัตตานี
2022-10-31,298,289,587,ราชบุรี
2022-10-31,102,113,215,อุตรดิตถ์
2022-10-31,110,109,219,แม่ฮ่องสอน
2022-10-31,110,105,215,อำนาจเจริญ
2022-10-31,166,147,313,พิจิตร
2022-10-31,367,353,720,สกลนคร
2022-10-31,137,114,251,มุกดาหาร
2022-10-31,478,463,941,ตาก
2022-10-31,686,619,1305,อุบลราชธานี
2022-10-31,93,85,178,แพร่
2022-10-31,235,183,418,เลย
2022-10-31,700,641,1341,เชียงใหม่
2022-10-31,254,268,522,กาฬสินธุ์
2022-10-31,413,404,817,เชียงราย
2022-10-31,233,218,451,นครพนม
2022-10-31,172,144,316,หนองคาย
2022-10-31,154,160,314,หนองบัวลำภู
2022-10-31,119,141,260,ยโสธร
2022-10-31,196,147,343,กำแพงเพชร
2022-10-31,118,131,249,น่าน
2022-10-31,449,472,921,บุรีรัมย์
2022-10-31,290,267,557,พิษณุโลก
2022-10-31,457,365,822,สุรินทร์
2022-10-31,355,289,644,นครสวรรค์
2022-10-31,151,131,282,บึงกาฬ
2022-10-31,222,184,406,สระแก้ว
2022-10-31,126,127,253,สุโขทัย
2022-10-31,403,435,838,ศรีสะเกษ
2022-10-31,268,246,514,เพชรบูรณ์
2022-10-31,854,790,1644,นครราชสีมา
2022-10-31,95,104,199,ลำพูน
2022-10-31,292,319,611,ร้อยเอ็ด
2022-10-31,289,311,600,ชัยภูมิ
2022-10-31,96,89,185,อุทัยธานี
2022-10-31,595,563,1158,ขอนแก่น
2022-10-31,160,113,273,ลำปาง
2022-10-31,525,486,1011,อุดรธานี
2022-10-31,97,119,216,พะเยา
2022-10-31,216,246,462,มหาสารคาม
2022-11-30,267,290,557,กาญจนบุรี
2022-11-30,178,176,354,ประจวบคีรีขันธ์
2022-11-30,204,161,365,กำแพงเพชร
2022-11-30,123,120,243,หนองบัวลำภู
2022-11-30,243,248,491,เพชรบูรณ์
2022-11-30,180,186,366,ลพบุรี
2022-11-30,136,127,263,เพชรบุรี
2022-11-30,489,445,934,สมุทรปราการ
2022-11-30,137,121,258,น่าน
2022-11-30,75,70,145,อุทัยธานี
2022-11-30,147,107,254,มุกดาหาร
2022-11-30,557,582,1139,สงขลา
2022-11-30,198,210,408,ปราจีนบุรี
2022-11-30,429,407,836,ยะลา
2022-11-30,793,785,1578,นครราชสีมา
2022-11-30,75,80,155,พังงา
2022-11-30,302,270,572,ชัยภูมิ
2022-11-30,79,76,155,แพร่
2022-11-30,988,960,1948,ชลบุรี
2022-11-30,492,466,958,นครศรีธรรมราช
2022-11-30,210,176,386,เลย
2022-11-30,188,168,356,สระแก้ว
2022-11-30,463,432,895,บุรีรัมย์
2022-11-30,392,346,738,สุรินทร์
2022-11-30,123,123,246,บึงกาฬ
2022-11-30,151,125,276,ลำปาง
2022-11-30,249,218,467,นครปฐม
2022-11-30,236,203,439,มหาสารคาม
2022-11-30,214,172,386,ตรัง
2022-11-30,305,259,564,สมุทรสาคร
2022-11-30,185,158,343,ภูเก็ต
2022-11-30,130,117,247,พัทลุง
2022-11-30,307,315,622,ร้อยเอ็ด
2022-11-30,116,91,207,ลำพูน
2022-11-30,402,388,790,ศรีสะเกษ
2022-11-30,123,100,223,สุโขทัย
2022-11-30,62,79,141,ตราด
2022-11-30,413,383,796,ปทุมธานี
2022-11-30,272,240,512,พิษณุโลก
2022-11-30,225,212,437,จันทบุรี
2022-11-30,131,120,251,แม่ฮ่องสอน
2022-11-30,225,245,470,พระนครศรีอยุธยา
2022-11-30,69,55,124,อ่างทอง
2022-11-30,64,50,114,ชัยนาท
2022-11-30,249,233,482,สุพรรณบุรี
2022-11-30,354,298,652,ระยอง
2022-11-30,413,373,786,สุราษฎร์ธานี
2022-11-30,117,102,219,อุตรดิตถ์
2022-11-30,170,156,326,หนองคาย
2022-11-30,133,123,256,พิจิตร
2022-11-30,425,377,802,ปัตตานี
2022-11-30,662,656,1318,เชียงใหม่
2022-11-30,129,119,248,สตูล
2022-11-30,34,31,65,สมุทรสงคราม
2022-11-30,272,200,472,ฉะเชิงเทรา
2022-11-30,636,592,1228,อุบลราชธานี
2022-11-30,535,436,971,ตาก
2022-11-30,333,302,635,นนทบุรี
2022-11-30,248,234,482,กาฬสินธุ์
2022-11-30,172,151,323,ชุมพร
2022-11-30,144,121,265,ยโสธร
2022-11-30,434,427,861,นราธิวาส
2022-11-30,208,199,407,นครพนม
2022-11-30,355,290,645,สกลนคร
2022-11-30,204,186,390,กระบี่
2022-11-30,56,63,119,สิงห์บุรี
2022-11-30,293,253,546,ราชบุรี
2022-11-30,2447,2293,4740,กรุงเทพมหานคร
2022-11-30,279,245,524,นครสวรรค์
2022-11-30,224,207,431,สระบุรี
2022-11-30,432,452,884,อุดรธานี
2022-11-30,108,117,225,พะเยา
2022-11-30,103,77,180,อำนาจเจริญ
2022-11-30,106,102,208,นครนายก
2022-11-30,389,416,805,เชียงราย
2022-11-30,57,69,126,ระนอง
2022-11-30,519,520,1039,ขอนแก่น
2022-12-31,113,100,213,อุตรดิตถ์
2022-12-31,110,112,222,มุกดาหาร
2022-12-31,186,171,357,ตรัง
2022-12-31,182,175,357,นครพนม
2022-12-31,303,231,534,นครสวรรค์
2022-12-31,304,258,562,สมุทรสาคร
2022-12-31,300,259,559,นนทบุรี
2022-12-31,165,175,340,กำแพงเพชร
2022-12-31,208,180,388,ลพบุรี
2022-12-31,404,400,804,ยะลา
2022-12-31,220,182,402,พระนครศรีอยุธยา
2022-12-31,131,121,252,หนองบัวลำภู
2022-12-31,122,130,252,บึงกาฬ
2022-12-31,103,115,218,นครนายก
2022-12-31,137,118,255,น่าน
2022-12-31,245,194,439,มหาสารคาม
2022-12-31,549,562,1111,เชียงใหม่
2022-12-31,863,837,1700,ชลบุรี
2022-12-31,249,233,482,พิษณุโลก
2022-12-31,129,94,223,สตูล
2022-12-31,382,372,754,สุราษฎร์ธานี
2022-12-31,364,361,725,สุรินทร์
2022-12-31,252,231,483,กาฬสินธุ์
2022-12-31,581,503,1084,สงขลา
2022-12-31,496,470,966,สมุทรปราการ
2022-12-31,202,175,377,ปราจีนบุรี
2022-12-31,268,262,530,ราชบุรี
2022-12-31,232,190,422,จันทบุรี
2022-12-31,385,375,760,เชียงราย
2022-12-31,99,83,182,อำนาจเจริญ
2022-12-31,201,189,390,เลย
2022-12-31,215,203,418,สระบุรี
2022-12-31,71,63,134,แพร่
2022-12-31,120,137,257,ลำปาง
2022-12-31,225,230,455,นครปฐม
2022-12-31,127,143,270,ยโสธร
2022-12-31,130,105,235,แม่ฮ่องสอน
2022-12-31,173,173,346,กระบี่
2022-12-31,254,223,477,ฉะเชิงเทรา
2022-12-31,105,123,228,เพชรบุรี
2022-12-31,54,87,141,พังงา
2022-12-31,563,537,1100,อุบลราชธานี
2022-12-31,404,420,824,นราธิวาส
2022-12-31,2495,2307,4802,กรุงเทพมหานคร
2022-12-31,29,31,60,สมุทรสงคราม
2022-12-31,350,347,697,ศรีสะเกษ
2022-12-31,796,709,1505,นครราชสีมา
2022-12-31,57,35,92,อ่างทอง
2022-12-31,104,94,198,ลำพูน
2022-12-31,331,284,615,สกลนคร
2022-12-31,115,129,244,สุโขทัย
2022-12-31,428,441,869,ตาก
2022-12-31,75,56,131,ตราด
2022-12-31,176,191,367,ประจวบคีรีขันธ์
2022-12-31,47,41,88,สิงห์บุรี
2022-12-31,55,58,113,ชัยนาท
2022-12-31,188,197,385,ภูเก็ต
2022-12-31,260,206,466,เพชรบูรณ์
2022-12-31,241,233,474,สุพรรณบุรี
2022-12-31,410,423,833,บุรีรัมย์
2022-12-31,456,494,950,นครศรีธรรมราช
2022-12-31,109,124,233,พัทลุง
2022-12-31,272,260,532,ระยอง
2022-12-31,307,283,590,ร้อยเอ็ด
2022-12-31,138,115,253,พิจิตร
2022-12-31,72,55,127,ระนอง
2022-12-31,482,456,938,ขอนแก่น
2022-12-31,262,266,528,กาญจนบุรี
2022-12-31,113,89,202,พะเยา
2022-12-31,281,264,545,ชัยภูมิ
2022-12-31,420,364,784,ปัตตานี
2022-12-31,213,180,393,สระแก้ว
2022-12-31,77,80,157,อุทัยธานี
2022-12-31,391,362,753,ปทุมธานี
2022-12-31,443,402,845,อุดรธานี
2022-12-31,176,145,321,ชุมพร
2022-12-31,142,151,293,หนองคาย
2023-01-31,213,211,424,จันทบุรี
2023-01-31,215,224,439,กาฬสินธุ์
2023-01-31,507,471,978,สมุทรปราการ
2023-01-31,61,55,116,สิงห์บุรี
2023-01-31,674,597,1271,อุบลราชธานี
2023-01-31,233,237,470,สุพรรณบุรี
2023-01-31,74,71,145,อ่างทอง
2023-01-31,60,60,120,ชัยนาท
2023-01-31,127,125,252,สตูล
2023-01-31,297,265,562,นนทบุรี
2023-01-31,26,26,52,สมุทรสงคราม
2023-01-31,273,234,507,พระนครศรีอยุธยา
2023-01-31,508,523,1031,ขอนแก่น
2023-01-31,180,165,345,กำแพงเพชร
2023-01-31,336,309,645,ระยอง
2023-01-31,294,274,568,ร้อยเอ็ด
2023-01-31,437,419,856,บุรีรัมย์
2023-01-31,138,132,270,แม่ฮ่องสอน
2023-01-31,400,386,786,เชียงราย
2023-01-31,533,492,1025,ตาก
2023-01-31,128,116,244,พิจิตร
2023-01-31,140,125,265,ยโสธร
2023-01-31,120,147,267,หนองบัวลำภู
2023-01-31,275,263,538,นครสวรรค์
2023-01-31,273,227,500,นครปฐม
2023-01-31,246,222,468,พิษณุโลก
2023-01-31,571,496,1067,นครศรีธรรมราช
2023-01-31,137,147,284,พัทลุง
2023-01-31,103,85,188,อุทัยธานี
2023-01-31,65,60,125,ระนอง
2023-01-31,241,275,516,กาญจนบุรี
2023-01-31,489,411,900,อุดรธานี
2023-01-31,279,274,553,ชัยภูมิ
2023-01-31,101,87,188,ลำพูน
2023-01-31,141,157,298,หนองคาย
2023-01-31,392,363,755,ศรีสะเกษ
2023-01-31,745,723,1468,นครราชสีมา
2023-01-31,266,294,560,สมุทรสาคร
2023-01-31,390,325,715,สกลนคร
2023-01-31,96,100,196,สุโขทัย
2023-01-31,178,170,348,ประจวบคีรีขันธ์
2023-01-31,462,431,893,ปัตตานี
2023-01-31,218,195,413,ภูเก็ต
2023-01-31,78,67,145,พังงา
2023-01-31,63,62,125,ตราด
2023-01-31,195,187,382,สระแก้ว
2023-01-31,2617,2391,5008,กรุงเทพมหานคร
2023-01-31,448,413,861,ปทุมธานี
2023-01-31,189,145,334,ชุมพร
2023-01-31,514,478,992,นราธิวาส
2023-01-31,234,196,430,เพชรบูรณ์
2023-01-31,134,127,261,เพชรบุรี
2023-01-31,217,157,374,ลพบุรี
2023-01-31,250,246,496,ฉะเชิงเทรา
2023-01-31,220,205,425,ปราจีนบุรี
2023-01-31,312,295,607,ราชบุรี
2023-01-31,630,596,1226,เชียงใหม่
2023-01-31,127,140,267,ลำปาง
2023-01-31,176,182,358,เลย
2023-01-31,130,118,248,พะเยา
2023-01-31,211,224,435,สระบุรี
2023-01-31,94,68,162,แพร่
2023-01-31,205,201,406,นครพนม
2023-01-31,603,597,1200,สงขลา
2023-01-31,429,412,841,สุราษฎร์ธานี
2023-01-31,107,90,197,อำนาจเจริญ
2023-01-31,132,104,236,น่าน
2023-01-31,194,195,389,มหาสารคาม
2023-01-31,199,205,404,กระบี่
2023-01-31,118,104,222,มุกดาหาร
2023-01-31,187,192,379,ตรัง
2023-01-31,100,90,190,อุตรดิตถ์
2023-01-31,112,97,209,นครนายก
2023-01-31,425,427,852,ยะลา
2023-01-31,127,130,257,บึงกาฬ
2023-01-31,958,881,1839,ชลบุรี
2023-01-31,380,367,747,สุรินทร์
2023-02-28,114,107,221,สตูล
2023-02-28,31,35,66,สมุทรสงคราม
2023-02-28,211,231,442,ฉะเชิงเทรา
2023-02-28,411,359,770,สุราษฎร์ธานี
2023-02-28,126,129,255,หนองคาย
2023-02-28,563,568,1131,เชียงใหม่
2023-02-28,369,373,742,อุดรธานี
2023-02-28,227,230,457,นครสวรรค์
2023-02-28,189,165,354,มหาสารคาม
2023-02-28,390,346,736,ปทุมธานี
2023-02-28,71,55,126,ตราด
2023-02-28,109,84,193,สุโขทัย
2023-02-28,172,164,336,สระแก้ว
2023-02-28,98,80,178,ลำพูน
2023-02-28,62,36,98,ระนอง
2023-02-28,116,121,237,พัทลุง
2023-02-28,327,290,617,ศรีสะเกษ
2023-02-28,195,167,362,กระบี่
2023-02-28,304,251,555,สมุทรสาคร
2023-02-28,552,454,1006,อุบลราชธานี
2023-02-28,73,86,159,บึงกาฬ
2023-02-28,233,194,427,นครปฐม
2023-02-28,323,316,639,สุรินทร์
2023-02-28,271,280,551,ราชบุรี
2023-02-28,93,81,174,อำนาจเจริญ
2023-02-28,199,198,397,พิษณุโลก
2023-02-28,193,190,383,จันทบุรี
2023-02-28,166,159,325,แม่ฮ่องสอน
2023-02-28,228,214,442,พระนครศรีอยุธยา
2023-02-28,263,243,506,นนทบุรี
2023-02-28,239,260,499,ร้อยเอ็ด
2023-02-28,471,438,909,ตาก
2023-02-28,180,173,353,ตรัง
2023-02-28,122,119,241,ลำปาง
2023-02-28,223,179,402,ภูเก็ต
2023-02-28,157,170,327,ปราจีนบุรี
2023-02-28,243,239,482,กาญจนบุรี
2023-02-28,111,101,212,หนองบัวลำภู
2023-02-28,56,54,110,อุทัยธานี
2023-02-28,53,49,102,อ่างทอง
2023-02-28,50,42,92,สิงห์บุรี
2023-02-28,430,466,896,นครศรีธรรมราช
2023-02-28,391,386,777,บุรีรัมย์
2023-02-28,472,420,892,ขอนแก่น
2023-02-28,116,103,219,พิจิตร
2023-02-28,185,156,341,ลพบุรี
2023-02-28,143,171,314,กำแพงเพชร
2023-02-28,400,387,787,ยะลา
2023-02-28,86,80,166,นครนายก
2023-02-28,110,103,213,มุกดาหาร
2023-02-28,318,347,665,เชียงราย
2023-02-28,113,102,215,ยโสธร
2023-02-28,106,111,217,น่าน
2023-02-28,218,202,420,สระบุรี
2023-02-28,458,430,888,สมุทรปราการ
2023-02-28,182,195,377,กาฬสินธุ์
2023-02-28,859,839,1698,ชลบุรี
2023-02-28,107,121,228,เพชรบุรี
2023-02-28,73,69,142,แพร่
2023-02-28,147,157,304,เลย
2023-02-28,588,505,1093,สงขลา
2023-02-28,238,237,475,ชัยภูมิ
2023-02-28,56,60,116,ชัยนาท
2023-02-28,102,87,189,พะเยา
2023-02-28,262,261,523,สกลนคร
2023-02-28,193,179,372,เพชรบูรณ์
2023-02-28,58,69,127,พังงา
2023-02-28,184,172,356,ประจวบคีรีขันธ์
2023-02-28,160,154,314,นครพนม
2023-02-28,160,153,313,ชุมพร
2023-02-28,76,67,143,อุตรดิตถ์
2023-02-28,2256,2080,4336,กรุงเทพมหานคร
2023-02-28,691,664,1355,นครราชสีมา
2023-02-28,253,299,552,ระยอง
2023-02-28,206,216,422,สุพรรณบุรี
2023-02-28,457,412,869,นราธิวาส
2023-02-28,399,378,777,ปัตตานี
2023-03-31,261,225,486,นครปฐม
2023-03-31,67,61,128,พังงา
2023-03-31,124,93,217,มุกดาหาร
2023-03-31,181,173,354,ชุมพร
2023-03-31,265,254,519,ชัยภูมิ
2023-03-31,129,103,232,น่าน
2023-03-31,84,78,162,อำนาจเจริญ
2023-03-31,441,426,867,อุดรธานี
2023-03-31,205,197,402,มหาสารคาม
2023-03-31,202,190,392,เลย
2023-03-31,138,132,270,ลำปาง
2023-03-31,223,216,439,ปราจีนบุรี
2023-03-31,971,869,1840,ชลบุรี
2023-03-31,87,69,156,ตราด
2023-03-31,192,196,388,ตรัง
2023-03-31,124,100,224,นครนายก
2023-03-31,305,318,623,สกลนคร
2023-03-31,95,89,184,ลำพูน
2023-03-31,273,282,555,กาญจนบุรี
2023-03-31,827,726,1553,นครราชสีมา
2023-03-31,81,80,161,อุทัยธานี
2023-03-31,154,122,276,พัทลุง
2023-03-31,201,194,395,ลพบุรี
2023-03-31,65,67,132,ระนอง
2023-03-31,238,189,427,กระบี่
2023-03-31,198,220,418,สระแก้ว
2023-03-31,244,226,470,เพชรบูรณ์
2023-03-31,550,509,1059,นครศรีธรรมราช
2023-03-31,264,288,552,สมุทรสาคร
2023-03-31,120,128,248,บึงกาฬ
2023-03-31,86,77,163,แพร่
2023-03-31,453,418,871,ยะลา
2023-03-31,123,117,240,สุโขทัย
2023-03-31,196,170,366,ประจวบคีรีขันธ์
2023-03-31,450,411,861,ปทุมธานี
2023-03-31,238,219,457,สระบุรี
2023-03-31,354,349,703,ศรีสะเกษ
2023-03-31,495,432,927,นราธิวาส
2023-03-31,109,112,221,พะเยา
2023-03-31,169,175,344,กำแพงเพชร
2023-03-31,222,247,469,สุพรรณบุรี
2023-03-31,310,318,628,นนทบุรี
2023-03-31,72,60,132,อ่างทอง
2023-03-31,125,127,252,พิจิตร
2023-03-31,284,300,584,ร้อยเอ็ด
2023-03-31,244,236,480,พระนครศรีอยุธยา
2023-03-31,36,46,82,สมุทรสงคราม
2023-03-31,2572,2391,4963,กรุงเทพมหานคร
2023-03-31,55,61,116,ชัยนาท
2023-03-31,356,367,723,สุรินทร์
2023-03-31,348,303,651,ระยอง
2023-03-31,421,410,831,บุรีรัมย์
2023-03-31,314,248,562,นครสวรรค์
2023-03-31,576,550,1126,อุบลราชธานี
2023-03-31,98,113,211,หนองบัวลำภู
2023-03-31,500,504,1004,ขอนแก่น
2023-03-31,270,237,507,ฉะเชิงเทรา
2023-03-31,515,500,1015,ตาก
2023-03-31,140,121,261,หนองคาย
2023-03-31,449,391,840,สุราษฎร์ธานี
2023-03-31,264,240,504,พิษณุโลก
2023-03-31,587,615,1202,สงขลา
2023-03-31,323,285,608,ราชบุรี
2023-03-31,633,618,1251,เชียงใหม่
2023-03-31,443,411,854,ปัตตานี
2023-03-31,142,127,269,เพชรบุรี
2023-03-31,201,181,382,กาฬสินธุ์
2023-03-31,59,52,111,สิงห์บุรี
2023-03-31,115,136,251,สตูล
2023-03-31,107,92,199,อุตรดิตถ์
2023-03-31,242,190,432,จันทบุรี
2023-03-31,183,176,359,นครพนม
2023-03-31,141,124,265,ยโสธร
2023-03-31,130,130,260,แม่ฮ่องสอน
2023-03-31,400,388,788,เชียงราย
2023-03-31,210,201,411,ภูเก็ต
2023-03-31,485,469,954,สมุทรปราการ
2023-04-30,113,99,212,สตูล
2023-04-30,183,137,320,มหาสารคาม
2023-04-30,51,50,101,ระนอง
2023-04-30,540,474,1014,อุบลราชธานี
2023-04-30,90,90,180,อุตรดิตถ์
2023-04-30,402,349,751,อุดรธานี
2023-04-30,321,344,665,ปทุมธานี
2023-04-30,273,275,548,ระยอง
2023-04-30,172,162,334,ประจวบคีรีขันธ์
2023-04-30,31,27,58,สมุทรสงคราม
2023-04-30,138,139,277,ชุมพร
2023-04-30,98,93,191,สุโขทัย
2023-04-30,54,46,100,สิงห์บุรี
2023-04-30,51,50,101,พังงา
2023-04-30,214,181,395,สระบุรี
2023-04-30,444,398,842,ขอนแก่น
2023-04-30,124,94,218,ลำปาง
2023-04-30,540,479,1019,สงขลา
2023-04-30,144,100,244,เพชรบุรี
2023-04-30,92,82,174,น่าน
2023-04-30,79,89,168,อำนาจเจริญ
2023-04-30,888,797,1685,ชลบุรี
2023-04-30,203,190,393,จันทบุรี
2023-04-30,122,100,222,ยโสธร
2023-04-30,102,110,212,แม่ฮ่องสอน
2023-04-30,111,97,208,หนองคาย
2023-04-30,170,153,323,ตรัง
2023-04-30,247,251,498,ชัยภูมิ
2023-04-30,100,90,190,พะเยา
2023-04-30,100,97,197,บึงกาฬ
2023-04-30,64,57,121,อ่างทอง
2023-04-30,62,72,134,แพร่
2023-04-30,343,298,641,ศรีสะเกษ
2023-04-30,227,205,432,พระนครศรีอยุธยา
2023-04-30,405,377,782,ตาก
2023-04-30,183,141,324,ลพบุรี
2023-04-30,73,81,154,อุทัยธานี
2023-04-30,193,176,369,กระบี่
2023-04-30,154,134,288,เลย
2023-04-30,243,231,474,นครสวรรค์
2023-04-30,148,128,276,กำแพงเพชร
2023-04-30,45,42,87,ชัยนาท
2023-04-30,271,256,527,สมุทรสาคร
2023-04-30,290,274,564,สกลนคร
2023-04-30,225,222,447,ฉะเชิงเทรา
2023-04-30,153,167,320,สระแก้ว
2023-04-30,194,212,406,เพชรบูรณ์
2023-04-30,109,109,218,พิจิตร
2023-04-30,360,351,711,บุรีรัมย์
2023-04-30,104,114,218,หนองบัวลำภู
2023-04-30,504,461,965,นครศรีธรรมราช
2023-04-30,458,426,884,สมุทรปราการ
2023-04-30,235,253,488,ราชบุรี
2023-04-30,260,246,506,กาญจนบุรี
2023-04-30,681,684,1365,นครราชสีมา
2023-04-30,161,156,317,นครพนม
2023-04-30,200,169,369,กาฬสินธุ์
2023-04-30,424,394,818,นราธิวาส
2023-04-30,221,213,434,พิษณุโลก
2023-04-30,99,110,209,ลำพูน
2023-04-30,132,99,231,พัทลุง
2023-04-30,184,175,359,นครปฐม
2023-04-30,348,370,718,สุราษฎร์ธานี
2023-04-30,217,199,416,สุพรรณบุรี
2023-04-30,95,88,183,นครนายก
2023-04-30,367,373,740,ปัตตานี
2023-04-30,563,492,1055,เชียงใหม่
2023-04-30,268,261,529,ร้อยเอ็ด
2023-04-30,276,246,522,นนทบุรี
2023-04-30,183,183,366,ภูเก็ต
2023-04-30,2279,2105,4384,กรุงเทพมหานคร
2023-04-30,183,138,321,ปราจีนบุรี
2023-04-30,313,345,658,สุรินทร์
2023-04-30,110,107,217,มุกดาหาร
2023-04-30,338,317,655,เชียงราย
2023-04-30,372,366,738,ยะลา
2023-04-30,75,54,129,ตราด
2023-05-31,126,124,250,ลำปาง
2023-05-31,492,434,926,นราธิวาส
2023-05-31,197,197,394,ปราจีนบุรี
2023-05-31,389,373,762,สุรินทร์
2023-05-31,197,200,397,ลพบุรี
2023-05-31,414,438,852,อุดรธานี
2023-05-31,218,212,430,ตรัง
2023-05-31,62,66,128,ชัยนาท
2023-05-31,267,289,556,นครปฐม
2023-05-31,128,130,258,สตูล
2023-05-31,180,172,352,นครพนม
2023-05-31,619,527,1146,เชียงใหม่
2023-05-31,210,190,400,กระบี่
2023-05-31,458,385,843,ปัตตานี
2023-05-31,57,54,111,สิงห์บุรี
2023-05-31,478,447,925,ตาก
2023-05-31,261,226,487,พระนครศรีอยุธยา
2023-05-31,330,306,636,ร้อยเอ็ด
2023-05-31,306,282,588,นนทบุรี
2023-05-31,999,884,1883,ชลบุรี
2023-05-31,2472,2294,4766,กรุงเทพมหานคร
2023-05-31,129,127,256,หนองคาย
2023-05-31,99,96,195,มุกดาหาร
2023-05-31,403,400,803,ยะลา
2023-05-31,458,426,884,สุราษฎร์ธานี
2023-05-31,64,75,139,แพร่
2023-05-31,279,252,531,ฉะเชิงเทรา
2023-05-31,602,603,1205,อุบลราชธานี
2023-05-31,293,268,561,ราชบุรี
2023-05-31,520,501,1021,นครศรีธรรมราช
2023-05-31,180,196,376,ชุมพร
2023-05-31,284,247,531,นครสวรรค์
2023-05-31,27,36,63,สมุทรสงคราม
2023-05-31,251,256,507,พิษณุโลก
2023-05-31,224,221,445,จันทบุรี
2023-05-31,335,275,610,สกลนคร
2023-05-31,104,102,206,อำนาจเจริญ
2023-05-31,628,572,1200,สงขลา
2023-05-31,115,113,228,แม่ฮ่องสอน
2023-05-31,183,197,380,กาฬสินธุ์
2023-05-31,401,374,775,เชียงราย
2023-05-31,534,468,1002,สมุทรปราการ
2023-05-31,122,124,246,ยโสธร
2023-05-31,139,100,239,เพชรบุรี
2023-05-31,179,177,356,ประจวบคีรีขันธ์
2023-05-31,354,327,681,ศรีสะเกษ
2023-05-31,62,57,119,ตราด
2023-05-31,435,456,891,ปทุมธานี
2023-05-31,138,119,257,พัทลุง
2023-05-31,97,88,185,ลำพูน
2023-05-31,117,101,218,พะเยา
2023-05-31,727,801,1528,นครราชสีมา
2023-05-31,275,246,521,ชัยภูมิ
2023-05-31,248,238,486,เพชรบูรณ์
2023-05-31,156,178,334,เลย
2023-05-31,76,52,128,ระนอง
2023-05-31,50,62,112,อ่างทอง
2023-05-31,103,118,221,สุโขทัย
2023-05-31,422,406,828,บุรีรัมย์
2023-05-31,123,106,229,พิจิตร
2023-05-31,88,103,191,อุตรดิตถ์
2023-05-31,220,218,438,สระบุรี
2023-05-31,194,183,377,สระแก้ว
2023-05-31,101,97,198,นครนายก
2023-05-31,123,117,240,น่าน
2023-05-31,109,125,234,หนองบัวลำภู
2023-05-31,181,157,338,กำแพงเพชร
2023-05-31,333,314,647,ระยอง
2023-05-31,106,114,220,บึงกาฬ
2023-05-31,519,519,1038,ขอนแก่น
2023-05-31,185,177,362,มหาสารคาม
2023-05-31,263,211,474,สุพรรณบุรี
2023-05-31,276,263,539,สมุทรสาคร
2023-05-31,88,82,170,อุทัยธานี
2023-05-31,228,177,405,ภูเก็ต
2023-05-31,265,278,543,กาญจนบุรี
2023-05-31,69,64,133,พังงา
2023-06-30,249,244,493,นครสวรรค์
2023-06-30,2349,2108,4457,กรุงเทพมหานคร
2023-06-30,993,906,1899,ชลบุรี
2023-06-30,521,459,980,ตาก
2023-06-30,504,456,960,สมุทรปราการ
2023-06-30,171,156,327,กำแพงเพชร
2023-06-30,130,124,254,ยโสธร
2023-06-30,436,405,841,สุราษฎร์ธานี
2023-06-30,268,279,547,ร้อยเอ็ด
2023-06-30,73,50,123,อ่างทอง
2023-06-30,126,123,249,พิจิตร
2023-06-30,422,382,804,ปัตตานี
2023-06-30,449,422,871,บุรีรัมย์
2023-06-30,153,115,268,หนองบัวลำภู
2023-06-30,590,567,1157,เชียงใหม่
2023-06-30,114,90,204,น่าน
2023-06-30,306,303,609,สกลนคร
2023-06-30,482,509,991,ขอนแก่น
2023-06-30,305,329,634,ระยอง
2023-06-30,129,111,240,สตูล
2023-06-30,260,239,499,สุพรรณบุรี
2023-06-30,188,186,374,นครพนม
2023-06-30,229,210,439,สระบุรี
2023-06-30,69,48,117,ชัยนาท
2023-06-30,85,84,169,อุตรดิตถ์
2023-06-30,202,208,410,ปราจีนบุรี
2023-06-30,122,128,250,เพชรบุรี
2023-06-30,214,200,414,กาฬสินธุ์
2023-06-30,508,412,920,นราธิวาส
2023-06-30,58,58,116,สิงห์บุรี
2023-06-30,116,110,226,พะเยา
2023-06-30,29,34,63,สมุทรสงคราม
2023-06-30,580,577,1157,สงขลา
2023-06-30,174,187,361,เลย
2023-06-30,261,225,486,ฉะเชิงเทรา
2023-06-30,486,512,998,นครศรีธรรมราช
2023-06-30,596,564,1160,อุบลราชธานี
2023-06-30,68,72,140,ระนอง
2023-06-30,144,108,252,นครนายก
2023-06-30,63,65,128,พังงา
2023-06-30,298,267,565,กาญจนบุรี
2023-06-30,152,145,297,แม่ฮ่องสอน
2023-06-30,264,201,465,จันทบุรี
2023-06-30,256,272,528,สมุทรสาคร
2023-06-30,160,147,307,ชุมพร
2023-06-30,123,124,247,ลำปาง
2023-06-30,373,357,730,สุรินทร์
2023-06-30,74,91,165,อุทัยธานี
2023-06-30,175,180,355,มหาสารคาม
2023-06-30,760,678,1438,นครราชสีมา
2023-06-30,105,69,174,อำนาจเจริญ
2023-06-30,214,207,421,นครปฐม
2023-06-30,420,385,805,ปทุมธานี
2023-06-30,212,209,421,ภูเก็ต
2023-06-30,73,57,130,ตราด
2023-06-30,106,100,206,บึงกาฬ
2023-06-30,181,195,376,ประจวบคีรีขันธ์
2023-06-30,192,197,389,ตรัง
2023-06-30,183,173,356,ลพบุรี
2023-06-30,206,165,371,กระบี่
2023-06-30,390,427,817,อุดรธานี
2023-06-30,397,392,789,ยะลา
2023-06-30,237,231,468,พิษณุโลก
2023-06-30,79,83,162,ลำพูน
2023-06-30,145,124,269,หนองคาย
2023-06-30,145,134,279,พัทลุง
2023-06-30,195,169,364,สระแก้ว
2023-06-30,276,257,533,นนทบุรี
2023-06-30,394,331,725,เชียงราย
2023-06-30,109,121,230,มุกดาหาร
2023-06-30,365,308,673,ศรีสะเกษ
2023-06-30,72,82,154,แพร่
2023-06-30,258,218,476,พระนครศรีอยุธยา
2023-06-30,133,114,247,สุโขทัย
2023-06-30,228,185,413,เพชรบูรณ์
2023-06-30,278,267,545,ราชบุรี
2023-06-30,278,266,544,ชัยภูมิ
2023-07-31,429,390,819,บุรีรัมย์
2023-07-31,274,278,552,ชัยภูมิ
2023-07-31,625,567,1192,สงขลา
2023-07-31,163,182,345,นครพนม
2023-07-31,117,99,216,บึงกาฬ
2023-07-31,117,129,246,ยโสธร
2023-07-31,124,101,225,สุโขทัย
2023-07-31,124,125,249,น่าน
2023-07-31,65,60,125,ชัยนาท
2023-07-31,220,179,399,สระแก้ว
2023-07-31,334,270,604,ระยอง
2023-07-31,367,341,708,ศรีสะเกษ
2023-07-31,78,85,163,อุทัยธานี
2023-07-31,119,120,239,เพชรบุรี
2023-07-31,756,749,1505,นครราชสีมา
2023-07-31,52,60,112,อ่างทอง
2023-07-31,216,221,437,เพชรบูรณ์
2023-07-31,104,102,206,อุตรดิตถ์
2023-07-31,130,124,254,พัทลุง
2023-07-31,246,227,473,กาฬสินธุ์
2023-07-31,191,164,355,เลย
2023-07-31,286,255,541,กาญจนบุรี
2023-07-31,115,95,210,พะเยา
2023-07-31,256,258,514,สมุทรสาคร
2023-07-31,243,249,492,สุพรรณบุรี
2023-07-31,244,220,464,สระบุรี
2023-07-31,370,382,752,ปทุมธานี
2023-07-31,118,142,260,หนองบัวลำภู
2023-07-31,90,109,199,ลำพูน
2023-07-31,67,51,118,ระนอง
2023-07-31,182,192,374,ภูเก็ต
2023-07-31,107,115,222,มุกดาหาร
2023-07-31,188,190,378,ลพบุรี
2023-07-31,278,269,547,ฉะเชิงเทรา
2023-07-31,389,382,771,ยะลา
2023-07-31,511,487,998,นครศรีธรรมราช
2023-07-31,124,138,262,ลำปาง
2023-07-31,501,462,963,สมุทรปราการ
2023-07-31,600,579,1179,อุบลราชธานี
2023-07-31,288,241,529,ราชบุรี
2023-07-31,62,78,140,แพร่
2023-07-31,404,348,752,เชียงราย
2023-07-31,145,122,267,หนองคาย
2023-07-31,366,408,774,สุราษฎร์ธานี
2023-07-31,918,808,1726,ชลบุรี
2023-07-31,329,278,607,นนทบุรี
2023-07-31,263,269,532,ร้อยเอ็ด
2023-07-31,263,223,486,พระนครศรีอยุธยา
2023-07-31,468,422,890,ตาก
2023-07-31,90,89,179,นครนายก
2023-07-31,2410,2246,4656,กรุงเทพมหานคร
2023-07-31,257,239,496,นครสวรรค์
2023-07-31,188,176,364,ประจวบคีรีขันธ์
2023-07-31,399,415,814,ปัตตานี
2023-07-31,254,231,485,พิษณุโลก
2023-07-31,254,230,484,นครปฐม
2023-07-31,174,166,340,กระบี่
2023-07-31,174,182,356,ตรัง
2023-07-31,575,519,1094,เชียงใหม่
2023-07-31,317,302,619,สกลนคร
2023-07-31,487,464,951,ขอนแก่น
2023-07-31,66,71,137,พังงา
2023-07-31,159,142,301,กำแพงเพชร
2023-07-31,118,129,247,สตูล
2023-07-31,449,409,858,นราธิวาส
2023-07-31,77,85,162,อำนาจเจริญ
2023-07-31,72,73,145,ตราด
2023-07-31,335,343,678,สุรินทร์
2023-07-31,218,196,414,มหาสารคาม
2023-07-31,174,208,382,ปราจีนบุรี
2023-07-31,154,144,298,แม่ฮ่องสอน
2023-07-31,161,152,313,ชุมพร
2023-07-31,139,123,262,พิจิตร
2023-07-31,235,194,429,จันทบุรี
2023-07-31,34,30,64,สมุทรสงคราม
2023-07-31,51,60,111,สิงห์บุรี
2023-07-31,441,380,821,อุดรธานี
2023-08-31,581,542,1123,สมุทรปราการ
2023-08-31,198,228,426,ประจวบคีรีขันธ์
2023-08-31,264,235,499,เพชรบูรณ์
2023-08-31,133,135,268,ยโสธร
2023-08-31,121,106,227,มุกดาหาร
2023-08-31,244,237,481,กาฬสินธุ์
2023-08-31,1065,1016,2081,ชลบุรี
2023-08-31,2590,2452,5042,กรุงเทพมหานคร
2023-08-31,73,91,164,แพร่
2023-08-31,546,543,1089,นครศรีธรรมราช
2023-08-31,223,193,416,ปราจีนบุรี
2023-08-31,218,206,424,ชุมพร
2023-08-31,525,421,946,อุดรธานี
2023-08-31,412,435,847,ยะลา
2023-08-31,324,271,595,ชัยภูมิ
2023-08-31,78,77,155,พังงา
2023-08-31,301,270,571,กาญจนบุรี
2023-08-31,605,624,1229,สงขลา
2023-08-31,110,91,201,อุทัยธานี
2023-08-31,158,138,296,น่าน
2023-08-31,270,250,520,สระบุรี
2023-08-31,152,130,282,บึงกาฬ
2023-08-31,865,781,1646,นครราชสีมา
2023-08-31,145,150,295,เพชรบุรี
2023-08-31,377,340,717,สกลนคร
2023-08-31,216,186,402,ลพบุรี
2023-08-31,438,469,907,ปัตตานี
2023-08-31,189,208,397,สระแก้ว
2023-08-31,471,402,873,เชียงราย
2023-08-31,391,364,755,ระยอง
2023-08-31,187,185,372,นครพนม
2023-08-31,130,127,257,พัทลุง
2023-08-31,492,481,973,ตาก
2023-08-31,341,271,612,ร้อยเอ็ด
2023-08-31,79,43,122,สิงห์บุรี
2023-08-31,401,412,813,สุรินทร์
2023-08-31,562,597,1159,ขอนแก่น
2023-08-31,363,324,687,สมุทรสาคร
2023-08-31,146,140,286,ลำปาง
2023-08-31,311,304,615,นครสวรรค์
2023-08-31,662,658,1320,เชียงใหม่
2023-08-31,262,244,506,กระบี่
2023-08-31,119,115,234,อำนาจเจริญ
2023-08-31,120,122,242,สตูล
2023-08-31,61,58,119,ชัยนาท
2023-08-31,157,163,320,แม่ฮ่องสอน
2023-08-31,475,442,917,สุราษฎร์ธานี
2023-08-31,212,207,419,ตรัง
2023-08-31,36,35,71,สมุทรสงคราม
2023-08-31,692,644,1336,อุบลราชธานี
2023-08-31,271,273,544,ฉะเชิงเทรา
2023-08-31,521,440,961,นราธิวาส
2023-08-31,286,305,591,พระนครศรีอยุธยา
2023-08-31,264,282,546,นครปฐม
2023-08-31,100,106,206,ลำพูน
2023-08-31,311,318,629,ราชบุรี
2023-08-31,203,209,412,มหาสารคาม
2023-08-31,149,149,298,พิจิตร
2023-08-31,186,180,366,กำแพงเพชร
2023-08-31,79,64,143,ระนอง
2023-08-31,241,238,479,พิษณุโลก
2023-08-31,234,220,454,จันทบุรี
2023-08-31,518,425,943,ปทุมธานี
2023-08-31,61,67,128,อ่างทอง
2023-08-31,453,435,888,บุรีรัมย์
2023-08-31,445,418,863,ศรีสะเกษ
2023-08-31,145,123,268,พะเยา
2023-08-31,219,223,442,เลย
2023-08-31,129,128,257,หนองบัวลำภู
2023-08-31,280,229,509,สุพรรณบุรี
2023-08-31,177,128,305,หนองคาย
2023-08-31,122,131,253,สุโขทัย
2023-08-31,75,82,157,ตราด
2023-08-31,120,104,224,นครนายก
2023-08-31,230,226,456,ภูเก็ต
2023-08-31,347,321,668,นนทบุรี
2023-08-31,106,108,214,อุตรดิตถ์
2023-09-30,239,216,455,จันทบุรี
2023-09-30,185,189,374,ชุมพร
2023-09-30,440,407,847,เชียงราย
2023-09-30,295,268,563,พิษณุโลก
2023-09-30,111,103,214,อำนาจเจริญ
2023-09-30,402,408,810,สุรินทร์
2023-09-30,442,484,926,อุดรธานี
2023-09-30,559,484,1043,สมุทรปราการ
2023-09-30,301,302,603,สมุทรสาคร
2023-09-30,252,255,507,นครปฐม
2023-09-30,217,208,425,มหาสารคาม
2023-09-30,66,62,128,ระนอง
2023-09-30,253,209,462,เพชรบูรณ์
2023-09-30,114,110,224,ลำพูน
2023-09-30,448,423,871,ปทุมธานี
2023-09-30,130,125,255,สุโขทัย
2023-09-30,301,315,616,ชัยภูมิ
2023-09-30,82,81,163,ตราด
2023-09-30,217,227,444,ภูเก็ต
2023-09-30,422,416,838,ศรีสะเกษ
2023-09-30,860,802,1662,นครราชสีมา
2023-09-30,222,217,439,ลพบุรี
2023-09-30,149,118,267,บึงกาฬ
2023-09-30,138,131,269,พัทลุง
2023-09-30,71,55,126,สิงห์บุรี
2023-09-30,217,203,420,สระแก้ว
2023-09-30,73,89,162,อุทัยธานี
2023-09-30,236,208,444,กระบี่
2023-09-30,358,300,658,กาญจนบุรี
2023-09-30,65,62,127,ชัยนาท
2023-09-30,230,193,423,ตรัง
2023-09-30,434,395,829,ยะลา
2023-09-30,2595,2412,5007,กรุงเทพมหานคร
2023-09-30,306,316,622,นนทบุรี
2023-09-30,471,397,868,ปัตตานี
2023-09-30,568,546,1114,นครศรีธรรมราช
2023-09-30,697,604,1301,เชียงใหม่
2023-09-30,197,204,401,ประจวบคีรีขันธ์
2023-09-30,148,116,264,ยโสธร
2023-09-30,342,336,678,สกลนคร
2023-09-30,239,207,446,เลย
2023-09-30,261,237,498,กาฬสินธุ์
2023-09-30,84,99,183,แพร่
2023-09-30,553,539,1092,ขอนแก่น
2023-09-30,606,559,1165,สงขลา
2023-09-30,139,125,264,หนองบัวลำภู
2023-09-30,62,75,137,พังงา
2023-09-30,481,461,942,บุรีรัมย์
2023-09-30,245,190,435,นครพนม
2023-09-30,142,136,278,พะเยา
2023-09-30,381,384,765,ระยอง
2023-09-30,117,97,214,น่าน
2023-09-30,113,97,210,อุตรดิตถ์
2023-09-30,237,223,460,สระบุรี
2023-09-30,279,223,502,สุพรรณบุรี
2023-09-30,132,109,241,แม่ฮ่องสอน
2023-09-30,145,131,276,สตูล
2023-09-30,244,230,474,ปราจีนบุรี
2023-09-30,132,134,266,ลำปาง
2023-09-30,299,306,605,ราชบุรี
2023-09-30,156,128,284,พิจิตร
2023-09-30,463,437,900,นราธิวาส
2023-09-30,185,160,345,หนองคาย
2023-09-30,287,265,552,พระนครศรีอยุธยา
2023-09-30,117,107,224,มุกดาหาร
2023-09-30,518,540,1058,ตาก
2023-09-30,32,45,77,สมุทรสงคราม
2023-09-30,335,291,626,ร้อยเอ็ด
2023-09-30,321,284,605,นครสวรรค์
2023-09-30,1085,962,2047,ชลบุรี
2023-09-30,434,429,863,สุราษฎร์ธานี
2023-09-30,656,631,1287,อุบลราชธานี
2023-09-30,192,177,369,กำแพงเพชร
2023-09-30,125,111,236,นครนายก
2023-09-30,290,256,546,ฉะเชิงเทรา
2023-09-30,61,77,138,อ่างทอง
2023-09-30,147,143,290,เพชรบุรี
2023-10-31,293,285,578,ชัยภูมิ
2023-10-31,145,126,271,พะเยา
2023-10-31,122,130,252,นครนายก
2023-10-31,72,65,137,ระนอง
2023-10-31,2718,2383,5101,กรุงเทพมหานคร
2023-10-31,236,245,481,สระบุรี
2023-10-31,79,71,150,พังงา
2023-10-31,225,198,423,ลพบุรี
2023-10-31,51,56,107,สิงห์บุรี
2023-10-31,347,379,726,สกลนคร
2023-10-31,545,606,1151,ขอนแก่น
2023-10-31,231,208,439,กระบี่
2023-10-31,139,114,253,บึงกาฬ
2023-10-31,195,212,407,สระแก้ว
2023-10-31,477,435,912,เชียงราย
2023-10-31,191,184,375,ชุมพร
2023-10-31,300,280,580,นครสวรรค์
2023-10-31,513,446,959,นราธิวาส
2023-10-31,334,296,630,ราชบุรี
2023-10-31,219,188,407,นครพนม
2023-10-31,274,236,510,เพชรบูรณ์
2023-10-31,242,211,453,มหาสารคาม
2023-10-31,225,205,430,ประจวบคีรีขันธ์
2023-10-31,303,326,629,ร้อยเอ็ด
2023-10-31,667,654,1321,อุบลราชธานี
2023-10-31,283,290,573,ฉะเชิงเทรา
2023-10-31,41,32,73,สมุทรสงคราม
2023-10-31,126,119,245,แม่ฮ่องสอน
2023-10-31,126,117,243,สตูล
2023-10-31,633,671,1304,เชียงใหม่
2023-10-31,566,563,1129,ตาก
2023-10-31,421,422,843,ปัตตานี
2023-10-31,360,401,761,ระยอง
2023-10-31,92,118,210,อุตรดิตถ์
2023-10-31,456,445,901,บุรีรัมย์
2023-10-31,143,137,280,หนองบัวลำภู
2023-10-31,193,192,385,เลย
2023-10-31,169,181,350,กำแพงเพชร
2023-10-31,159,134,293,พิจิตร
2023-10-31,297,244,541,สุพรรณบุรี
2023-10-31,143,163,306,ยโสธร
2023-10-31,310,247,557,พระนครศรีอยุธยา
2023-10-31,350,316,666,นนทบุรี
2023-10-31,121,103,224,ลำพูน
2023-10-31,448,446,894,ปทุมธานี
2023-10-31,126,115,241,สุโขทัย
2023-10-31,82,97,179,ตราด
2023-10-31,403,409,812,ศรีสะเกษ
2023-10-31,132,130,262,พัทลุง
2023-10-31,222,192,414,ภูเก็ต
2023-10-31,158,135,293,หนองคาย
2023-10-31,346,335,681,สมุทรสาคร
2023-10-31,69,72,141,ชัยนาท
2023-10-31,297,255,552,นครปฐม
2023-10-31,383,411,794,สุรินทร์
2023-10-31,239,211,450,จันทบุรี
2023-10-31,285,280,565,พิษณุโลก
2023-10-31,154,133,287,ลำปาง
2023-10-31,476,434,910,สุราษฎร์ธานี
2023-10-31,236,207,443,ตรัง
2023-10-31,155,139,294,เพชรบุรี
2023-10-31,561,514,1075,สมุทรปราการ
2023-10-31,1066,972,2038,ชลบุรี
2023-10-31,99,69,168,แพร่
2023-10-31,220,203,423,ปราจีนบุรี
2023-10-31,427,414,841,ยะลา
2023-10-31,256,268,524,กาฬสินธุ์
2023-10-31,642,584,1226,สงขลา
2023-10-31,317,293,610,กาญจนบุรี
2023-10-31,470,459,929,อุดรธานี
2023-10-31,142,117,259,น่าน
2023-10-31,105,96,201,อำนาจเจริญ
2023-10-31,93,93,186,อุทัยธานี
2023-10-31,552,484,1036,นครศรีธรรมราช
2023-10-31,56,68,124,อ่างทอง
2023-10-31,137,132,269,มุกดาหาร
2023-10-31,836,786,1622,นครราชสีมา
2023-11-30,266,244,510,พิษณุโลก
2023-11-30,184,158,342,ชุมพร
2023-11-30,60,61,121,ชัยนาท
2023-11-30,171,134,305,หนองคาย
2023-11-30,395,390,785,สุรินทร์
2023-11-30,302,303,605,นนทบุรี
2023-11-30,314,240,554,ราชบุรี
2023-11-30,221,219,440,จันทบุรี
2023-11-30,89,97,186,อำนาจเจริญ
2023-11-30,485,437,922,นราธิวาส
2023-11-30,424,407,831,อุดรธานี
2023-11-30,445,433,878,เชียงราย
2023-11-30,411,438,849,สุราษฎร์ธานี
2023-11-30,143,149,292,ลำปาง
2023-11-30,74,83,157,แพร่
2023-11-30,289,275,564,กาญจนบุรี
2023-11-30,260,223,483,นครปฐม
2023-11-30,128,92,220,ลำพูน
2023-11-30,238,191,429,เพชรบูรณ์
2023-11-30,69,61,130,ระนอง
2023-11-30,446,396,842,ปทุมธานี
2023-11-30,115,147,262,สุโขทัย
2023-11-30,778,738,1516,นครราชสีมา
2023-11-30,204,185,389,ลพบุรี
2023-11-30,90,85,175,ตราด
2023-11-30,170,224,394,สระแก้ว
2023-11-30,48,58,106,สิงห์บุรี
2023-11-30,131,131,262,บึงกาฬ
2023-11-30,135,132,267,พัทลุง
2023-11-30,101,84,185,อุทัยธานี
2023-11-30,215,205,420,กระบี่
2023-11-30,293,295,588,สมุทรสาคร
2023-11-30,203,214,417,ภูเก็ต
2023-11-30,223,213,436,ตรัง
2023-11-30,394,386,780,ยะลา
2023-11-30,344,349,693,ศรีสะเกษ
2023-11-30,2470,2323,4793,กรุงเทพมหานคร
2023-11-30,251,235,486,สุพรรณบุรี
2023-11-30,136,120,256,น่าน
2023-11-30,422,424,846,บุรีรัมย์
2023-11-30,161,175,336,นครพนม
2023-11-30,200,211,411,กาฬสินธุ์
2023-11-30,106,109,215,พะเยา
2023-11-30,112,88,200,อุตรดิตถ์
2023-11-30,180,185,365,เลย
2023-11-30,588,563,1151,สงขลา
2023-11-30,131,121,252,หนองบัวลำภู
2023-11-30,111,113,224,นครนายก
2023-11-30,173,194,367,กำแพงเพชร
2023-11-30,54,66,120,พังงา
2023-11-30,261,292,553,ชัยภูมิ
2023-11-30,246,241,487,สระบุรี
2023-11-30,139,124,263,พิจิตร
2023-11-30,503,492,995,สมุทรปราการ
2023-11-30,193,185,378,มหาสารคาม
2023-11-30,62,49,111,อ่างทอง
2023-11-30,324,283,607,สกลนคร
2023-11-30,159,118,277,เพชรบุรี
2023-11-30,574,487,1061,ตาก
2023-11-30,345,333,678,ระยอง
2023-11-30,485,499,984,นครศรีธรรมราช
2023-11-30,552,495,1047,ขอนแก่น
2023-11-30,314,285,599,ร้อยเอ็ด
2023-11-30,141,126,267,ยโสธร
2023-11-30,267,245,512,นครสวรรค์
2023-11-30,615,573,1188,อุบลราชธานี
2023-11-30,286,232,518,ฉะเชิงเทรา
2023-11-30,108,116,224,มุกดาหาร
2023-11-30,248,236,484,พระนครศรีอยุธยา
2023-11-30,133,122,255,แม่ฮ่องสอน
2023-11-30,45,34,79,สมุทรสงคราม
2023-11-30,122,113,235,สตูล
2023-11-30,201,199,400,ประจวบคีรีขันธ์
2023-11-30,445,408,853,ปัตตานี
2023-11-30,707,638,1345,เชียงใหม่
2023-11-30,179,188,367,ปราจีนบุรี
2023-11-30,906,881,1787,ชลบุรี
2023-12-31,421,430,851,เชียงราย
2023-12-31,352,346,698,สุราษฎร์ธานี
2023-12-31,201,208,409,ภูเก็ต
2023-12-31,143,133,276,แม่ฮ่องสอน
2023-12-31,493,480,973,นครศรีธรรมราช
2023-12-31,58,41,99,ชัยนาท
2023-12-31,104,89,193,อำนาจเจริญ
2023-12-31,128,110,238,หนองบัวลำภู
2023-12-31,129,119,248,บึงกาฬ
2023-12-31,78,59,137,พังงา
2023-12-31,143,121,264,น่าน
2023-12-31,509,461,970,ตาก
2023-12-31,83,84,167,แพร่
2023-12-31,125,107,232,มุกดาหาร
2023-12-31,104,117,221,ยโสธร
2023-12-31,888,843,1731,ชลบุรี
2023-12-31,214,199,413,ตรัง
2023-12-31,536,527,1063,สงขลา
2023-12-31,185,163,348,ปราจีนบุรี
2023-12-31,203,173,376,จันทบุรี
2023-12-31,200,256,456,กาฬสินธุ์
2023-12-31,56,47,103,อ่างทอง
2023-12-31,494,457,951,สมุทรปราการ
2023-12-31,129,129,258,เพชรบุรี
2023-12-31,96,105,201,ลำพูน
2023-12-31,217,232,449,นครปฐม
2023-12-31,139,123,262,ลำปาง
2023-12-31,134,98,232,พิจิตร
2023-12-31,166,131,297,กำแพงเพชร
2023-12-31,420,367,787,บุรีรัมย์
2023-12-31,219,209,428,พระนครศรีอยุธยา
2023-12-31,272,274,546,ร้อยเอ็ด
2023-12-31,251,263,514,พิษณุโลก
2023-12-31,155,126,281,หนองคาย
2023-12-31,615,614,1229,เชียงใหม่
2023-12-31,244,226,470,ฉะเชิงเทรา
2023-12-31,300,259,559,นนทบุรี
2023-12-31,128,117,245,สตูล
2023-12-31,552,551,1103,อุบลราชธานี
2023-12-31,374,320,694,ปัตตานี
2023-12-31,88,87,175,อุตรดิตถ์
2023-12-31,335,309,644,สุรินทร์
2023-12-31,205,236,441,สุพรรณบุรี
2023-12-31,187,191,378,เลย
2023-12-31,339,302,641,ระยอง
2023-12-31,355,359,714,ยะลา
2023-12-31,22,30,52,สมุทรสงคราม
2023-12-31,264,264,528,กาญจนบุรี
2023-12-31,196,176,372,สระแก้ว
2023-12-31,68,66,134,ตราด
2023-12-31,193,172,365,มหาสารคาม
2023-12-31,56,56,112,สิงห์บุรี
2023-12-31,416,390,806,นราธิวาส
2023-12-31,213,185,398,กระบี่
2023-12-31,260,265,525,นครสวรรค์
2023-12-31,261,250,511,ราชบุรี
2023-12-31,567,465,1032,ขอนแก่น
2023-12-31,192,194,386,นครพนม
2023-12-31,120,98,218,สุโขทัย
2023-12-31,386,319,705,ศรีสะเกษ
2023-12-31,109,106,215,พะเยา
2023-12-31,238,212,450,สมุทรสาคร
2023-12-31,270,254,524,ชัยภูมิ
2023-12-31,330,335,665,สกลนคร
2023-12-31,118,103,221,นครนายก
2023-12-31,418,393,811,อุดรธานี
2023-12-31,770,722,1492,นครราชสีมา
2023-12-31,95,87,182,อุทัยธานี
2023-12-31,185,175,360,ประจวบคีรีขันธ์
2023-12-31,188,211,399,เพชรบูรณ์
2023-12-31,202,202,404,สระบุรี
2023-12-31,56,70,126,ระนอง
2023-12-31,186,192,378,ลพบุรี
2023-12-31,325,379,704,ปทุมธานี
2023-12-31,127,135,262,พัทลุง
2023-12-31,2215,2147,4362,กรุงเทพมหานคร
2023-12-31,170,139,309,ชุมพร
2024-01-31,49,61,110,ตราด
2024-01-31,397,378,775,สุราษฎร์ธานี
2024-01-31,231,239,470,นครปฐม
2024-01-31,330,322,652,สุรินทร์
2024-01-31,297,295,592,นนทบุรี
2024-01-31,123,128,251,พัทลุง
2024-01-31,214,210,424,ภูเก็ต
2024-01-31,46,55,101,ชัยนาท
2024-01-31,77,71,148,ระนอง
2024-01-31,451,366,817,นครศรีธรรมราช
2024-01-31,275,240,515,ร้อยเอ็ด
2024-01-31,162,138,300,สระแก้ว
2024-01-31,511,416,927,นราธิวาส
2024-01-31,255,245,500,ราชบุรี
2024-01-31,192,171,363,นครพนม
2024-01-31,307,311,618,สกลนคร
2024-01-31,106,88,194,นครนายก
2024-01-31,2240,2061,4301,กรุงเทพมหานคร
2024-01-31,114,94,208,บึงกาฬ
2024-01-31,229,216,445,เพชรบูรณ์
2024-01-31,704,672,1376,นครราชสีมา
2024-01-31,198,209,407,พิษณุโลก
2024-01-31,394,369,763,ยะลา
2024-01-31,94,103,197,มุกดาหาร
2024-01-31,186,169,355,ปราจีนบุรี
2024-01-31,198,178,376,กาฬสินธุ์
2024-01-31,459,464,923,สมุทรปราการ
2024-01-31,115,86,201,พิจิตร
2024-01-31,413,388,801,บุรีรัมย์
2024-01-31,221,212,433,สุพรรณบุรี
2024-01-31,407,380,787,ปัตตานี
2024-01-31,246,222,468,ฉะเชิงเทรา
2024-01-31,621,599,1220,เชียงใหม่
2024-01-31,275,271,546,กาญจนบุรี
2024-01-31,99,112,211,ลำพูน
2024-01-31,377,364,741,ปทุมธานี
2024-01-31,115,123,238,น่าน
2024-01-31,120,102,222,สตูล
2024-01-31,295,279,574,ระยอง
2024-01-31,557,510,1067,อุบลราชธานี
2024-01-31,96,79,175,อุตรดิตถ์
2024-01-31,67,63,130,พังงา
2024-01-31,250,232,482,ชัยภูมิ
2024-01-31,203,190,393,สระบุรี
2024-01-31,180,146,326,ชุมพร
2024-01-31,183,164,347,เลย
2024-01-31,156,171,327,กำแพงเพชร
2024-01-31,111,99,210,หนองบัวลำภู
2024-01-31,117,126,243,เพชรบุรี
2024-01-31,49,55,104,อ่างทอง
2024-01-31,174,151,325,ลพบุรี
2024-01-31,151,176,327,ประจวบคีรีขันธ์
2024-01-31,85,79,164,อุทัยธานี
2024-01-31,534,506,1040,สงขลา
2024-01-31,397,392,789,อุดรธานี
2024-01-31,856,822,1678,ชลบุรี
2024-01-31,116,116,232,ยโสธร
2024-01-31,71,76,147,แพร่
2024-01-31,86,85,171,อำนาจเจริญ
2024-01-31,101,124,225,พะเยา
2024-01-31,122,131,253,แม่ฮ่องสอน
2024-01-31,259,223,482,นครสวรรค์
2024-01-31,218,197,415,จันทบุรี
2024-01-31,337,360,697,ศรีสะเกษ
2024-01-31,277,269,546,สมุทรสาคร
2024-01-31,140,106,246,ลำปาง
2024-01-31,197,208,405,กระบี่
2024-01-31,204,183,387,ตรัง
2024-01-31,484,472,956,ขอนแก่น
2024-01-31,56,46,102,สิงห์บุรี
2024-01-31,149,127,276,หนองคาย
2024-01-31,531,510,1041,ตาก
2024-01-31,456,443,899,เชียงราย
2024-01-31,31,30,61,สมุทรสงคราม
2024-01-31,233,214,447,พระนครศรีอยุธยา
2024-01-31,183,176,359,มหาสารคาม
2024-01-31,116,95,211,สุโขทัย
2024-02-29,47,67,114,ระนอง
2024-02-29,36,28,64,สิงห์บุรี
2024-02-29,142,117,259,นครพนม
2024-02-29,148,128,276,ลพบุรี
2024-02-29,2006,1817,3823,กรุงเทพมหานคร
2024-02-29,243,271,514,สกลนคร
2024-02-29,123,129,252,ชุมพร
2024-02-29,441,384,825,ขอนแก่น
2024-02-29,94,81,175,พะเยา
2024-02-29,370,344,714,นราธิวาส
2024-02-29,369,310,679,ยะลา
2024-02-29,127,124,251,มหาสารคาม
2024-02-29,46,43,89,แพร่
2024-02-29,344,291,635,ปทุมธานี
2024-02-29,100,103,203,พัทลุง
2024-02-29,165,155,320,ตรัง
2024-02-29,238,223,461,นนทบุรี
2024-02-29,106,112,218,ลำปาง
2024-02-29,114,91,205,หนองคาย
2024-02-29,42,46,88,ชัยนาท
2024-02-29,345,302,647,สุราษฎร์ธานี
2024-02-29,203,200,403,พระนครศรีอยุธยา
2024-02-29,220,205,425,ร้อยเอ็ด
2024-02-29,534,521,1055,เชียงใหม่
2024-02-29,112,82,194,สตูล
2024-02-29,347,356,703,ปัตตานี
2024-02-29,77,92,169,อุตรดิตถ์
2024-02-29,175,139,314,เลย
2024-02-29,390,387,777,สมุทรปราการ
2024-02-29,96,98,194,หนองบัวลำภู
2024-02-29,95,99,194,น่าน
2024-02-29,94,94,188,ลำพูน
2024-02-29,51,48,99,อ่างทอง
2024-02-29,164,151,315,กาฬสินธุ์
2024-02-29,503,455,958,สงขลา
2024-02-29,94,70,164,มุกดาหาร
2024-02-29,329,296,625,อุดรธานี
2024-02-29,331,344,675,เชียงราย
2024-02-29,64,90,154,บึงกาฬ
2024-02-29,334,300,634,บุรีรัมย์
2024-02-29,629,570,1199,นครราชสีมา
2024-02-29,170,140,310,ปราจีนบุรี
2024-02-29,232,254,486,ศรีสะเกษ
2024-02-29,220,221,441,นครสวรรค์
2024-02-29,28,32,60,สมุทรสงคราม
2024-02-29,170,141,311,กระบี่
2024-02-29,451,452,903,ตาก
2024-02-29,166,137,303,สระแก้ว
2024-02-29,224,204,428,ราชบุรี
2024-02-29,776,686,1462,ชลบุรี
2024-02-29,91,80,171,สุโขทัย
2024-02-29,262,191,453,สมุทรสาคร
2024-02-29,208,181,389,สุพรรณบุรี
2024-02-29,244,207,451,กาญจนบุรี
2024-02-29,104,106,210,แม่ฮ่องสอน
2024-02-29,179,163,342,ภูเก็ต
2024-02-29,86,90,176,ยโสธร
2024-02-29,204,189,393,ฉะเชิงเทรา
2024-02-29,146,137,283,ประจวบคีรีขันธ์
2024-02-29,60,60,120,อุทัยธานี
2024-02-29,97,95,192,นครนายก
2024-02-29,410,381,791,นครศรีธรรมราช
2024-02-29,94,91,185,พิจิตร
2024-02-29,159,158,317,จันทบุรี
2024-02-29,71,71,142,อำนาจเจริญ
2024-02-29,210,195,405,ชัยภูมิ
2024-02-29,104,93,197,เพชรบุรี
2024-02-29,53,57,110,พังงา
2024-02-29,52,51,103,ตราด
2024-02-29,280,279,559,สุรินทร์
2024-02-29,167,179,346,นครปฐม
2024-02-29,122,125,247,กำแพงเพชร
2024-02-29,219,198,417,พิษณุโลก
2024-02-29,457,413,870,อุบลราชธานี
2024-02-29,164,197,361,สระบุรี
2024-02-29,172,158,330,เพชรบูรณ์
2024-02-29,284,287,571,ระยอง
2024-03-31,96,86,182,อุตรดิตถ์
2024-03-31,174,200,374,ภูเก็ต
2024-03-31,93,109,202,แม่ฮ่องสอน
2024-03-31,108,117,225,หนองคาย
2024-03-31,173,172,345,เพชรบูรณ์
2024-03-31,187,172,359,ปราจีนบุรี
2024-03-31,73,65,138,แพร่
2024-03-31,54,49,103,ชัยนาท
2024-03-31,78,60,138,อำนาจเจริญ
2024-03-31,101,100,201,นครนายก
2024-03-31,152,145,297,เลย
2024-03-31,118,89,207,ลำปาง
2024-03-31,291,288,579,ศรีสะเกษ
2024-03-31,103,115,218,ยโสธร
2024-03-31,71,62,133,ระนอง
2024-03-31,511,447,958,อุบลราชธานี
2024-03-31,110,98,208,น่าน
2024-03-31,425,399,824,สมุทรปราการ
2024-03-31,145,138,283,นครพนม
2024-03-31,59,48,107,อ่างทอง
2024-03-31,117,106,223,สตูล
2024-03-31,498,486,984,สงขลา
2024-03-31,98,96,194,มุกดาหาร
2024-03-31,219,203,422,พระนครศรีอยุธยา
2024-03-31,109,115,224,เพชรบุรี
2024-03-31,97,86,183,หนองบัวลำภู
2024-03-31,31,28,59,สมุทรสงคราม
2024-03-31,139,138,277,กำแพงเพชร
2024-03-31,332,279,611,ระยอง
2024-03-31,487,439,926,ตาก
2024-03-31,857,808,1665,ชลบุรี
2024-03-31,397,337,734,ปัตตานี
2024-03-31,98,111,209,พิจิตร
2024-03-31,48,49,97,พังงา
2024-03-31,217,218,435,สุพรรณบุรี
2024-03-31,266,239,505,สกลนคร
2024-03-31,361,344,705,อุดรธานี
2024-03-31,162,172,334,กาฬสินธุ์
2024-03-31,270,209,479,ราชบุรี
2024-03-31,194,156,350,กระบี่
2024-03-31,97,96,193,พัทลุง
2024-03-31,161,161,322,สระแก้ว
2024-03-31,451,398,849,นราธิวาส
2024-03-31,89,105,194,สุโขทัย
2024-03-31,228,209,437,นครสวรรค์
2024-03-31,168,173,341,มหาสารคาม
2024-03-31,471,360,831,ขอนแก่น
2024-03-31,195,194,389,จันทบุรี
2024-03-31,669,588,1257,นครราชสีมา
2024-03-31,401,335,736,ยะลา
2024-03-31,216,218,434,ร้อยเอ็ด
2024-03-31,217,199,416,ชัยภูมิ
2024-03-31,72,64,136,ตราด
2024-03-31,418,423,841,นครศรีธรรมราช
2024-03-31,315,253,568,สุรินทร์
2024-03-31,93,87,180,บึงกาฬ
2024-03-31,194,186,380,สระบุรี
2024-03-31,83,77,160,ลำพูน
2024-03-31,231,228,459,สมุทรสาคร
2024-03-31,95,76,171,พะเยา
2024-03-31,224,255,479,กาญจนบุรี
2024-03-31,271,269,540,นนทบุรี
2024-03-31,70,74,144,อุทัยธานี
2024-03-31,199,176,375,ฉะเชิงเทรา
2024-03-31,187,164,351,ตรัง
2024-03-31,166,160,326,ประจวบคีรีขันธ์
2024-03-31,196,187,383,นครปฐม
2024-03-31,360,342,702,บุรีรัมย์
2024-03-31,374,334,708,สุราษฎร์ธานี
2024-03-31,2222,1973,4195,กรุงเทพมหานคร
2024-03-31,210,181,391,พิษณุโลก
2024-03-31,529,509,1038,เชียงใหม่
2024-03-31,36,45,81,สิงห์บุรี
2024-03-31,381,320,701,เชียงราย
2024-03-31,327,339,666,ปทุมธานี
2024-03-31,169,172,341,ลพบุรี
2024-03-31,133,169,302,ชุมพร
2024-04-30,2215,2061,4276,กรุงเทพมหานคร
2024-04-30,110,94,204,พะเยา
2024-04-30,250,257,507,ชัยภูมิ
2024-04-30,464,423,887,ขอนแก่น
2024-04-30,67,54,121,พังงา
2024-04-30,87,76,163,อำนาจเจริญ
2024-04-30,159,151,310,กำแพงเพชร
2024-04-30,406,382,788,อุดรธานี
2024-04-30,115,124,239,เพชรบุรี
2024-04-30,193,197,390,กาฬสินธุ์
2024-04-30,95,58,153,อุทัยธานี
2024-04-30,165,177,342,ปราจีนบุรี
2024-04-30,69,61,130,แพร่
2024-04-30,176,156,332,ประจวบคีรีขันธ์
2024-04-30,124,93,217,ยโสธร
2024-04-30,190,167,357,ลพบุรี
2024-04-30,48,50,98,สิงห์บุรี
2024-04-30,269,261,530,กาญจนบุรี
2024-04-30,70,47,117,ระนอง
2024-04-30,213,168,381,กระบี่
2024-04-30,881,834,1715,ชลบุรี
2024-04-30,106,98,204,นครนายก
2024-04-30,245,243,488,นครสวรรค์
2024-04-30,104,98,202,มุกดาหาร
2024-04-30,380,378,758,ยะลา
2024-04-30,527,468,995,สงขลา
2024-04-30,63,45,108,อ่างทอง
2024-04-30,162,142,304,ชุมพร
2024-04-30,226,185,411,สระบุรี
2024-04-30,266,284,550,สกลนคร
2024-04-30,221,191,412,เพชรบูรณ์
2024-04-30,434,358,792,ปทุมธานี
2024-04-30,40,34,74,สมุทรสงคราม
2024-04-30,93,117,210,หนองบัวลำภู
2024-04-30,513,454,967,ตาก
2024-04-30,220,215,435,ฉะเชิงเทรา
2024-04-30,108,99,207,ลำพูน
2024-04-30,398,352,750,สุราษฎร์ธานี
2024-04-30,396,389,785,ปัตตานี
2024-04-30,207,219,426,สุพรรณบุรี
2024-04-30,117,103,220,แม่ฮ่องสอน
2024-04-30,213,202,415,ภูเก็ต
2024-04-30,124,110,234,หนองคาย
2024-04-30,92,91,183,สุโขทัย
2024-04-30,113,87,200,บึงกาฬ
2024-04-30,686,652,1338,นครราชสีมา
2024-04-30,127,116,243,ลำปาง
2024-04-30,440,428,868,นครศรีธรรมราช
2024-04-30,44,41,85,ชัยนาท
2024-04-30,241,233,474,ร้อยเอ็ด
2024-04-30,329,300,629,ศรีสะเกษ
2024-04-30,317,293,610,สุรินทร์
2024-04-30,162,169,331,มหาสารคาม
2024-04-30,233,210,443,พระนครศรีอยุธยา
2024-04-30,416,374,790,นราธิวาส
2024-04-30,285,263,548,นนทบุรี
2024-04-30,222,196,418,พิษณุโลก
2024-04-30,154,143,297,เลย
2024-04-30,591,532,1123,เชียงใหม่
2024-04-30,269,263,532,สมุทรสาคร
2024-04-30,90,80,170,อุตรดิตถ์
2024-04-30,106,90,196,น่าน
2024-04-30,274,254,528,ราชบุรี
2024-04-30,526,504,1030,อุบลราชธานี
2024-04-30,70,56,126,ตราด
2024-04-30,344,276,620,ระยอง
2024-04-30,408,333,741,บุรีรัมย์
2024-04-30,117,109,226,พิจิตร
2024-04-30,160,152,312,นครพนม
2024-04-30,162,153,315,สระแก้ว
2024-04-30,455,391,846,สมุทรปราการ
2024-04-30,123,98,221,พัทลุง
2024-04-30,218,216,434,นครปฐม
2024-04-30,176,170,346,ตรัง
2024-04-30,108,88,196,สตูล
2024-04-30,381,356,737,เชียงราย
2024-04-30,178,178,356,จันทบุรี
2024-05-31,133,89,222,สุโขทัย
2024-05-31,655,619,1274,นครราชสีมา
2024-05-31,230,239,469,ร้อยเอ็ด
2024-05-31,387,380,767,ยะลา
2024-05-31,162,140,302,ชุมพร
2024-05-31,106,90,196,ลำพูน
2024-05-31,299,291,590,สุรินทร์
2024-05-31,52,61,113,ตราด
2024-05-31,234,216,450,นครปฐม
2024-05-31,211,235,446,ชัยภูมิ
2024-05-31,135,127,262,พัทลุง
2024-05-31,77,74,151,พะเยา
2024-05-31,2217,2102,4319,กรุงเทพมหานคร
2024-05-31,243,197,440,พิษณุโลก
2024-05-31,195,185,380,มหาสารคาม
2024-05-31,204,164,368,สระบุรี
2024-05-31,260,264,524,กาญจนบุรี
2024-05-31,415,357,772,ปทุมธานี
2024-05-31,42,30,72,สมุทรสงคราม
2024-05-31,216,204,420,พระนครศรีอยุธยา
2024-05-31,133,116,249,สตูล
2024-05-31,517,486,1003,สงขลา
2024-05-31,56,54,110,อ่างทอง
2024-05-31,415,442,857,สมุทรปราการ
2024-05-31,870,821,1691,ชลบุรี
2024-05-31,111,113,224,เพชรบุรี
2024-05-31,309,321,630,ระยอง
2024-05-31,514,506,1020,อุบลราชธานี
2024-05-31,88,76,164,อุตรดิตถ์
2024-05-31,135,160,295,เลย
2024-05-31,172,164,336,กำแพงเพชร
2024-05-31,179,174,353,กาฬสินธุ์
2024-05-31,132,128,260,พิจิตร
2024-05-31,510,473,983,ตาก
2024-05-31,388,355,743,ปัตตานี
2024-05-31,123,120,243,หนองคาย
2024-05-31,539,544,1083,เชียงใหม่
2024-05-31,377,344,721,บุรีรัมย์
2024-05-31,163,149,312,ประจวบคีรีขันธ์
2024-05-31,167,186,353,ตรัง
2024-05-31,244,214,458,สมุทรสาคร
2024-05-31,224,214,438,ฉะเชิงเทรา
2024-05-31,73,68,141,อุทัยธานี
2024-05-31,222,208,430,จันทบุรี
2024-05-31,358,342,700,อุดรธานี
2024-05-31,172,177,349,ปราจีนบุรี
2024-05-31,297,339,636,ศรีสะเกษ
2024-05-31,68,58,126,แพร่
2024-05-31,126,92,218,ลำปาง
2024-05-31,241,212,453,สุพรรณบุรี
2024-05-31,103,84,187,ยโสธร
2024-05-31,168,172,340,ลพบุรี
2024-05-31,104,84,188,มุกดาหาร
2024-05-31,304,249,553,นนทบุรี
2024-05-31,201,176,377,เพชรบูรณ์
2024-05-31,68,56,124,ระนอง
2024-05-31,48,32,80,ชัยนาท
2024-05-31,98,104,202,บึงกาฬ
2024-05-31,230,192,422,ภูเก็ต
2024-05-31,164,179,343,สระแก้ว
2024-05-31,480,398,878,ขอนแก่น
2024-05-31,63,58,121,พังงา
2024-05-31,89,71,160,อำนาจเจริญ
2024-05-31,103,95,198,แม่ฮ่องสอน
2024-05-31,395,356,751,สุราษฎร์ธานี
2024-05-31,247,223,470,ราชบุรี
2024-05-31,104,90,194,หนองบัวลำภู
2024-05-31,425,370,795,นราธิวาส
2024-05-31,262,250,512,สกลนคร
2024-05-31,88,95,183,นครนายก
2024-05-31,489,461,950,นครศรีธรรมราช
2024-05-31,51,43,94,สิงห์บุรี
2024-05-31,379,329,708,เชียงราย
2024-05-31,132,120,252,นครพนม
2024-05-31,105,102,207,น่าน
2024-05-31,217,254,471,นครสวรรค์
2024-05-31,198,175,373,กระบี่
2024-06-30,208,187,395,ฉะเชิงเทรา
2024-06-30,40,59,99,ระนอง
2024-06-30,102,95,197,ยโสธร
2024-06-30,236,208,444,สมุทรสาคร
2024-06-30,105,82,187,พิจิตร
2024-06-30,141,151,292,ตรัง
2024-06-30,42,39,81,สิงห์บุรี
2024-06-30,55,51,106,แพร่
2024-06-30,234,208,442,กาญจนบุรี
2024-06-30,451,480,931,เชียงใหม่
2024-06-30,107,86,193,สุโขทัย
2024-06-30,176,149,325,ประจวบคีรีขันธ์
2024-06-30,133,148,281,สระแก้ว
2024-06-30,157,159,316,ปราจีนบุรี
2024-06-30,156,145,301,มหาสารคาม
2024-06-30,729,732,1461,ชลบุรี
2024-06-30,368,307,675,สุราษฎร์ธานี
2024-06-30,331,332,663,อุดรธานี
2024-06-30,66,64,130,อุทัยธานี
2024-06-30,222,203,425,ราชบุรี
2024-06-30,343,332,675,ปทุมธานี
2024-06-30,245,256,501,ศรีสะเกษ
2024-06-30,242,219,461,นนทบุรี
2024-06-30,144,132,276,นครพนม
2024-06-30,282,280,562,ระยอง
2024-06-30,84,75,159,นครนายก
2024-06-30,369,362,731,สมุทรปราการ
2024-06-30,78,78,156,น่าน
2024-06-30,472,410,882,อุบลราชธานี
2024-06-30,20,17,37,สมุทรสงคราม
2024-06-30,100,94,194,สตูล
2024-06-30,63,69,132,อุตรดิตถ์
2024-06-30,195,179,374,พระนครศรีอยุธยา
2024-06-30,85,81,166,หนองบัวลำภู
2024-06-30,132,135,267,เลย
2024-06-30,392,420,812,ตาก
2024-06-30,595,513,1108,นครราชสีมา
2024-06-30,406,335,741,ปัตตานี
2024-06-30,177,158,335,แม่ฮ่องสอน
2024-06-30,109,115,224,กำแพงเพชร
2024-06-30,86,72,158,มุกดาหาร
2024-06-30,158,158,316,จันทบุรี
2024-06-30,44,52,96,ชัยนาท
2024-06-30,164,144,308,ลพบุรี
2024-06-30,438,487,925,สงขลา
2024-06-30,109,100,209,ลำปาง
2024-06-30,242,236,478,สกลนคร
2024-06-30,157,152,309,กาฬสินธุ์
2024-06-30,52,45,97,อ่างทอง
2024-06-30,101,115,216,หนองคาย
2024-06-30,107,94,201,เพชรบุรี
2024-06-30,215,169,384,ภูเก็ต
2024-06-30,67,52,119,พังงา
2024-06-30,85,70,155,อำนาจเจริญ
2024-06-30,177,194,371,สุพรรณบุรี
2024-06-30,214,193,407,ร้อยเอ็ด
2024-06-30,166,171,337,เพชรบูรณ์
2024-06-30,83,75,158,ลำพูน
2024-06-30,298,279,577,บุรีรัมย์
2024-06-30,197,174,371,พิษณุโลก
2024-06-30,80,81,161,พะเยา
2024-06-30,355,321,676,ยะลา
2024-06-30,413,377,790,นราธิวาส
2024-06-30,311,326,637,เชียงราย
2024-06-30,281,290,571,สุรินทร์
2024-06-30,241,209,450,ชัยภูมิ
2024-06-30,160,146,306,ชุมพร
2024-06-30,108,119,227,พัทลุง
2024-06-30,2060,1841,3901,กรุงเทพมหานคร
2024-06-30,169,157,326,กระบี่
2024-06-30,105,74,179,บึงกาฬ
2024-06-30,371,380,751,นครศรีธรรมราช
2024-06-30,181,182,363,สระบุรี
2024-06-30,174,169,343,นครปฐม
2024-06-30,374,375,749,ขอนแก่น
2024-06-30,65,61,126,ตราด
2024-06-30,216,232,448,นครสวรรค์
2024-07-31,144,157,301,เลย
2024-07-31,270,242,512,สมุทรสาคร
2024-07-31,2282,2024,4306,กรุงเทพมหานคร
2024-07-31,475,448,923,ตาก
2024-07-31,66,69,135,ระนอง
2024-07-31,130,91,221,บึงกาฬ
2024-07-31,872,809,1681,ชลบุรี
2024-07-31,258,208,466,ฉะเชิงเทรา
2024-07-31,87,96,183,นครนายก
2024-07-31,619,672,1291,นครราชสีมา
2024-07-31,464,408,872,นราธิวาส
2024-07-31,355,315,670,สุรินทร์
2024-07-31,470,415,885,ขอนแก่น
2024-07-31,291,268,559,สกลนคร
2024-07-31,95,107,202,ยโสธร
2024-07-31,263,228,491,ร้อยเอ็ด
2024-07-31,112,109,221,มุกดาหาร
2024-07-31,239,220,459,ภูเก็ต
2024-07-31,208,204,412,สุพรรณบุรี
2024-07-31,190,194,384,กาฬสินธุ์
2024-07-31,130,120,250,หนองคาย
2024-07-31,239,185,424,นครปฐม
2024-07-31,133,107,240,ลำปาง
2024-07-31,197,180,377,สระบุรี
2024-07-31,68,60,128,พังงา
2024-07-31,238,244,482,ชัยภูมิ
2024-07-31,121,126,247,พัทลุง
2024-07-31,541,492,1033,สงขลา
2024-07-31,413,434,847,นครศรีธรรมราช
2024-07-31,325,310,635,ศรีสะเกษ
2024-07-31,158,126,284,กำแพงเพชร
2024-07-31,108,119,227,เพชรบุรี
2024-07-31,125,129,254,แม่ฮ่องสอน
2024-07-31,54,51,105,ชัยนาท
2024-07-31,78,71,149,อำนาจเจริญ
2024-07-31,99,94,193,หนองบัวลำภู
2024-07-31,210,233,443,พิษณุโลก
2024-07-31,454,350,804,ปัตตานี
2024-07-31,63,71,134,ตราด
2024-07-31,200,194,394,จันทบุรี
2024-07-31,200,174,374,ตรัง
2024-07-31,81,74,155,แพร่
2024-07-31,103,88,191,พะเยา
2024-07-31,214,139,353,สระแก้ว
2024-07-31,368,384,752,บุรีรัมย์
2024-07-31,408,409,817,ยะลา
2024-07-31,223,245,468,ราชบุรี
2024-07-31,40,35,75,สมุทรสงคราม
2024-07-31,265,240,505,กาญจนบุรี
2024-07-31,548,464,1012,อุบลราชธานี
2024-07-31,455,350,805,เชียงราย
2024-07-31,110,111,221,น่าน
2024-07-31,76,71,147,อุทัยธานี
2024-07-31,240,235,475,นครสวรรค์
2024-07-31,169,159,328,มหาสารคาม
2024-07-31,350,349,699,ระยอง
2024-07-31,271,291,562,นนทบุรี
2024-07-31,214,199,413,เพชรบูรณ์
2024-07-31,53,54,107,สิงห์บุรี
2024-07-31,170,153,323,ประจวบคีรีขันธ์
2024-07-31,201,145,346,กระบี่
2024-07-31,153,152,305,นครพนม
2024-07-31,164,140,304,ลพบุรี
2024-07-31,372,365,737,อุดรธานี
2024-07-31,110,108,218,สตูล
2024-07-31,106,94,200,สุโขทัย
2024-07-31,47,48,95,อ่างทอง
2024-07-31,344,316,660,สุราษฎร์ธานี
2024-07-31,106,112,218,พิจิตร
2024-07-31,166,153,319,ชุมพร
2024-07-31,399,386,785,ปทุมธานี
2024-07-31,72,88,160,อุตรดิตถ์
2024-07-31,591,536,1127,เชียงใหม่
2024-07-31,227,227,454,พระนครศรีอยุธยา
2024-07-31,205,175,380,ปราจีนบุรี
2024-07-31,84,106,190,ลำพูน
2024-07-31,493,447,940,สมุทรปราการ
2024-08-31,195,211,406,เพชรบูรณ์
2024-08-31,120,113,233,พิจิตร
2024-08-31,318,334,652,ระยอง
2024-08-31,216,211,427,พระนครศรีอยุธยา
2024-08-31,96,95,191,นครนายก
2024-08-31,446,499,945,ขอนแก่น
2024-08-31,228,210,438,นครปฐม
2024-08-31,106,104,210,หนองบัวลำภู
2024-08-31,140,132,272,หนองคาย
2024-08-31,188,169,357,นครพนม
2024-08-31,55,63,118,พังงา
2024-08-31,187,170,357,เลย
2024-08-31,740,652,1392,นครราชสีมา
2024-08-31,242,219,461,ชัยภูมิ
2024-08-31,391,398,789,ปัตตานี
2024-08-31,452,466,918,ตาก
2024-08-31,84,78,162,พะเยา
2024-08-31,2447,2217,4664,กรุงเทพมหานคร
2024-08-31,96,79,175,อำนาจเจริญ
2024-08-31,44,28,72,สมุทรสงคราม
2024-08-31,302,308,610,นนทบุรี
2024-08-31,112,110,222,แม่ฮ่องสอน
2024-08-31,100,83,183,อุตรดิตถ์
2024-08-31,106,119,225,พัทลุง
2024-08-31,153,149,302,กำแพงเพชร
2024-08-31,406,441,847,เชียงราย
2024-08-31,490,466,956,สมุทรปราการ
2024-08-31,105,127,232,สตูล
2024-08-31,534,479,1013,อุบลราชธานี
2024-08-31,136,102,238,น่าน
2024-08-31,210,239,449,พิษณุโลก
2024-08-31,183,164,347,ตรัง
2024-08-31,112,104,216,บึงกาฬ
2024-08-31,59,64,123,ระนอง
2024-08-31,109,114,223,ยโสธร
2024-08-31,361,414,775,ยะลา
2024-08-31,41,67,108,อ่างทอง
2024-08-31,76,50,126,แพร่
2024-08-31,185,162,347,ประจวบคีรีขันธ์
2024-08-31,418,362,780,สุราษฎร์ธานี
2024-08-31,104,95,199,ลำพูน
2024-08-31,177,150,327,ปราจีนบุรี
2024-08-31,558,525,1083,เชียงใหม่
2024-08-31,413,419,832,ปทุมธานี
2024-08-31,181,159,340,ชุมพร
2024-08-31,418,398,816,อุดรธานี
2024-08-31,379,382,761,บุรีรัมย์
2024-08-31,185,160,345,สระแก้ว
2024-08-31,98,109,207,สุโขทัย
2024-08-31,280,259,539,กาญจนบุรี
2024-08-31,353,310,663,สุรินทร์
2024-08-31,79,81,160,อุทัยธานี
2024-08-31,270,226,496,นครสวรรค์
2024-08-31,482,424,906,นครศรีธรรมราช
2024-08-31,167,184,351,มหาสารคาม
2024-08-31,287,214,501,ร้อยเอ็ด
2024-08-31,65,55,120,สิงห์บุรี
2024-08-31,173,181,354,กระบี่
2024-08-31,200,150,350,ลพบุรี
2024-08-31,303,276,579,สมุทรสาคร
2024-08-31,895,861,1756,ชลบุรี
2024-08-31,253,228,481,ราชบุรี
2024-08-31,283,286,569,สกลนคร
2024-08-31,123,118,241,เพชรบุรี
2024-08-31,234,205,439,สระบุรี
2024-08-31,55,63,118,ชัยนาท
2024-08-31,204,220,424,ภูเก็ต
2024-08-31,122,93,215,ลำปาง
2024-08-31,331,325,656,ศรีสะเกษ
2024-08-31,198,196,394,จันทบุรี
2024-08-31,68,59,127,ตราด
2024-08-31,503,464,967,สงขลา
2024-08-31,424,433,857,นราธิวาส
2024-08-31,210,195,405,กาฬสินธุ์
2024-08-31,245,230,475,สุพรรณบุรี
2024-08-31,276,233,509,ฉะเชิงเทรา
2024-08-31,99,87,186,มุกดาหาร
2024-09-30,370,318,688,ศรีสะเกษ
2024-09-30,142,118,260,สุโขทัย
2024-09-30,263,221,484,นครปฐม
2024-09-30,595,586,1181,เชียงใหม่
2024-09-30,265,240,505,ร้อยเอ็ด
2024-09-30,379,357,736,สุรินทร์
2024-09-30,411,392,803,นราธิวาส
2024-09-30,39,37,76,สมุทรสงคราม
2024-09-30,212,228,440,สุพรรณบุรี
2024-09-30,221,189,410,มหาสารคาม
2024-09-30,439,413,852,เชียงราย
2024-09-30,297,255,552,นนทบุรี
2024-09-30,128,130,258,ลำปาง
2024-09-30,213,223,436,ภูเก็ต
2024-09-30,437,456,893,นครศรีธรรมราช
2024-09-30,423,383,806,ปัตตานี
2024-09-30,440,393,833,บุรีรัมย์
2024-09-30,133,115,248,บึงกาฬ
2024-09-30,295,286,581,สมุทรสาคร
2024-09-30,259,252,511,ฉะเชิงเทรา
2024-09-30,209,202,411,จันทบุรี
2024-09-30,116,112,228,นครนายก
2024-09-30,321,254,575,ราชบุรี
2024-09-30,176,186,362,ตรัง
2024-09-30,124,140,264,แม่ฮ่องสอน
2024-09-30,127,123,250,หนองบัวลำภู
2024-09-30,390,355,745,สุราษฎร์ธานี
2024-09-30,48,49,97,ชัยนาท
2024-09-30,261,215,476,พระนครศรีอยุธยา
2024-09-30,85,98,183,ลำพูน
2024-09-30,481,515,996,สมุทรปราการ
2024-09-30,72,65,137,ตราด
2024-09-30,114,104,218,พัทลุง
2024-09-30,121,105,226,สตูล
2024-09-30,438,402,840,ปทุมธานี
2024-09-30,571,470,1041,ตาก
2024-09-30,260,240,500,พิษณุโลก
2024-09-30,136,134,270,หนองคาย
2024-09-30,174,165,339,นครพนม
2024-09-30,123,128,251,พิจิตร
2024-09-30,228,240,468,ชัยภูมิ
2024-09-30,239,186,425,เพชรบูรณ์
2024-09-30,284,289,573,กาญจนบุรี
2024-09-30,124,120,244,มุกดาหาร
2024-09-30,174,158,332,ชุมพร
2024-09-30,248,222,470,สระบุรี
2024-09-30,111,135,246,เพชรบุรี
2024-09-30,356,307,663,สกลนคร
2024-09-30,555,513,1068,สงขลา
2024-09-30,175,168,343,เลย
2024-09-30,967,882,1849,ชลบุรี
2024-09-30,83,73,156,อุทัยธานี
2024-09-30,193,182,375,ลพบุรี
2024-09-30,770,713,1483,นครราชสีมา
2024-09-30,364,366,730,ยะลา
2024-09-30,209,207,416,กาฬสินธุ์
2024-09-30,97,91,188,อำนาจเจริญ
2024-09-30,291,233,524,นครสวรรค์
2024-09-30,191,176,367,ประจวบคีรีขันธ์
2024-09-30,62,59,121,อ่างทอง
2024-09-30,154,193,347,กำแพงเพชร
2024-09-30,58,66,124,พังงา
2024-09-30,59,53,112,สิงห์บุรี
2024-09-30,222,189,411,สระแก้ว
2024-09-30,79,72,151,แพร่
2024-09-30,445,385,830,อุดรธานี
2024-09-30,596,553,1149,อุบลราชธานี
2024-09-30,131,108,239,น่าน
2024-09-30,508,492,1000,ขอนแก่น
2024-09-30,132,139,271,ยโสธร
2024-09-30,216,167,383,กระบี่
2024-09-30,117,104,221,พะเยา
2024-09-30,2403,2149,4552,กรุงเทพมหานคร
2024-09-30,57,68,125,ระนอง
2024-09-30,93,100,193,อุตรดิตถ์
2024-09-30,210,191,401,ปราจีนบุรี
2024-09-30,389,364,753,ระยอง
2024-10-31,58,51,109,อ่างทอง
2024-10-31,186,186,372,มหาสารคาม
2024-10-31,60,81,141,แพร่
2024-10-31,186,171,357,ลพบุรี
2024-10-31,145,140,285,หนองคาย
2024-10-31,173,159,332,ชุมพร
2024-10-31,127,116,243,ยโสธร
2024-10-31,200,175,375,ปราจีนบุรี
2024-10-31,248,241,489,สุพรรณบุรี
2024-10-31,249,202,451,กาฬสินธุ์
2024-10-31,62,51,113,สิงห์บุรี
2024-10-31,66,68,134,ระนอง
2024-10-31,168,172,340,นครพนม
2024-10-31,199,175,374,ตรัง
2024-10-31,126,124,250,ลำปาง
2024-10-31,377,328,705,สุรินทร์
2024-10-31,488,463,951,นครศรีธรรมราช
2024-10-31,968,851,1819,ชลบุรี
2024-10-31,386,423,809,อุดรธานี
2024-10-31,310,252,562,สมุทรสาคร
2024-10-31,262,234,496,ฉะเชิงเทรา
2024-10-31,301,282,583,กาญจนบุรี
2024-10-31,116,125,241,สุโขทัย
2024-10-31,251,214,465,จันทบุรี
2024-10-31,118,132,250,มุกดาหาร
2024-10-31,182,182,364,สระแก้ว
2024-10-31,211,178,389,กระบี่
2024-10-31,668,609,1277,เชียงใหม่
2024-10-31,50,56,106,ชัยนาท
2024-10-31,261,255,516,ร้อยเอ็ด
2024-10-31,125,120,245,เพชรบุรี
2024-10-31,291,318,609,สกลนคร
2024-10-31,439,423,862,ปทุมธานี
2024-10-31,533,495,1028,สงขลา
2024-10-31,246,194,440,ภูเก็ต
2024-10-31,78,82,160,อุทัยธานี
2024-10-31,283,242,525,ราชบุรี
2024-10-31,115,102,217,ลำพูน
2024-10-31,430,429,859,สุราษฎร์ธานี
2024-10-31,57,53,110,พังงา
2024-10-31,64,77,141,ตราด
2024-10-31,410,404,814,บุรีรัมย์
2024-10-31,219,227,446,พิษณุโลก
2024-10-31,223,202,425,สระบุรี
2024-10-31,236,256,492,พระนครศรีอยุธยา
2024-10-31,245,221,466,นครปฐม
2024-10-31,222,230,452,เพชรบูรณ์
2024-10-31,451,404,855,นราธิวาส
2024-10-31,515,531,1046,สมุทรปราการ
2024-10-31,274,248,522,ชัยภูมิ
2024-10-31,174,178,352,เลย
2024-10-31,76,85,161,อุตรดิตถ์
2024-10-31,107,119,226,สตูล
2024-10-31,105,105,210,พะเยา
2024-10-31,124,93,217,หนองบัวลำภู
2024-10-31,491,425,916,เชียงราย
2024-10-31,617,591,1208,อุบลราชธานี
2024-10-31,21,34,55,สมุทรสงคราม
2024-10-31,151,110,261,น่าน
2024-10-31,297,285,582,นนทบุรี
2024-10-31,547,502,1049,ขอนแก่น
2024-10-31,369,325,694,ระยอง
2024-10-31,138,108,246,พัทลุง
2024-10-31,119,111,230,นครนายก
2024-10-31,129,102,231,พิจิตร
2024-10-31,183,188,371,ประจวบคีรีขันธ์
2024-10-31,382,385,767,ปัตตานี
2024-10-31,117,101,218,อำนาจเจริญ
2024-10-31,574,562,1136,ตาก
2024-10-31,122,104,226,แม่ฮ่องสอน
2024-10-31,132,112,244,บึงกาฬ
2024-10-31,718,676,1394,นครราชสีมา
2024-10-31,185,140,325,กำแพงเพชร
2024-10-31,376,398,774,ยะลา
2024-10-31,2664,2421,5085,กรุงเทพมหานคร
2024-10-31,289,255,544,นครสวรรค์
2024-10-31,336,346,682,ศรีสะเกษ
2024-11-30,437,467,904,เชียงราย
2024-11-30,130,119,249,พัทลุง
2024-11-30,429,358,787,อุดรธานี
2024-11-30,476,413,889,ขอนแก่น
2024-11-30,171,174,345,ปราจีนบุรี
2024-11-30,69,69,138,แพร่
2024-11-30,177,163,340,ประจวบคีรีขันธ์
2024-11-30,105,104,209,พะเยา
2024-11-30,178,184,362,ลพบุรี
2024-11-30,272,211,483,นครสวรรค์
2024-11-30,148,153,301,ชุมพร
2024-11-30,391,352,743,ปทุมธานี
2024-11-30,267,263,530,นนทบุรี
2024-11-30,73,83,156,อุทัยธานี
2024-11-30,237,244,481,ชัยภูมิ
2024-11-30,203,193,396,สระบุรี
2024-11-30,63,59,122,ตราด
2024-11-30,2389,2150,4539,กรุงเทพมหานคร
2024-11-30,374,334,708,บุรีรัมย์
2024-11-30,324,288,612,สุรินทร์
2024-11-30,223,205,428,พิษณุโลก
2024-11-30,118,98,216,บึงกาฬ
2024-11-30,240,230,470,ร้อยเอ็ด
2024-11-30,623,592,1215,เชียงใหม่
2024-11-30,148,179,327,สระแก้ว
2024-11-30,88,92,180,ลำพูน
2024-11-30,47,54,101,สิงห์บุรี
2024-11-30,230,219,449,นครปฐม
2024-11-30,113,93,206,สุโขทัย
2024-11-30,182,192,374,เพชรบูรณ์
2024-11-30,340,332,672,ยะลา
2024-11-30,298,242,540,กาญจนบุรี
2024-11-30,394,360,754,นราธิวาส
2024-11-30,473,457,930,นครศรีธรรมราช
2024-11-30,163,158,321,มหาสารคาม
2024-11-30,237,213,450,ภูเก็ต
2024-11-30,58,70,128,ระนอง
2024-11-30,521,473,994,ตาก
2024-11-30,185,168,353,แม่ฮ่องสอน
2024-11-30,697,629,1326,นครราชสีมา
2024-11-30,94,85,179,อุตรดิตถ์
2024-11-30,218,189,407,จันทบุรี
2024-11-30,59,55,114,อ่างทอง
2024-11-30,471,436,907,สมุทรปราการ
2024-11-30,96,94,190,มุกดาหาร
2024-11-30,198,198,396,สุพรรณบุรี
2024-11-30,364,346,710,ปัตตานี
2024-11-30,49,52,101,ชัยนาท
2024-11-30,228,201,429,พระนครศรีอยุธยา
2024-11-30,133,103,236,พิจิตร
2024-11-30,115,103,218,เพชรบุรี
2024-11-30,504,452,956,สงขลา
2024-11-30,97,93,190,นครนายก
2024-11-30,153,148,301,เลย
2024-11-30,112,138,250,ลำปาง
2024-11-30,177,177,354,กาฬสินธุ์
2024-11-30,95,82,177,สตูล
2024-11-30,830,813,1643,ชลบุรี
2024-11-30,233,200,433,ฉะเชิงเทรา
2024-11-30,320,349,669,ศรีสะเกษ
2024-11-30,111,115,226,ยโสธร
2024-11-30,385,377,762,สุราษฎร์ธานี
2024-11-30,141,122,263,หนองคาย
2024-11-30,59,45,104,พังงา
2024-11-30,131,117,248,น่าน
2024-11-30,172,180,352,ตรัง
2024-11-30,34,30,64,สมุทรสงคราม
2024-11-30,216,242,458,สมุทรสาคร
2024-11-30,543,547,1090,อุบลราชธานี
2024-11-30,87,91,178,อำนาจเจริญ
2024-11-30,311,317,628,ระยอง
2024-11-30,151,156,307,กำแพงเพชร
2024-11-30,101,113,214,หนองบัวลำภู
2024-11-30,158,137,295,นครพนม
2024-11-30,287,295,582,สกลนคร
2024-11-30,167,176,343,กระบี่
2024-11-30,275,248,523,ราชบุรี
2024-12-31,389,360,749,ยะลา
2024-12-31,133,129,262,แม่ฮ่องสอน
2024-12-31,2168,1975,4143,กรุงเทพมหานคร
2024-12-31,112,101,213,บึงกาฬ
2024-12-31,252,270,522,สกลนคร
2024-12-31,507,481,988,ตาก
2024-12-31,518,474,992,อุบลราชธานี
2024-12-31,88,68,156,อำนาจเจริญ
2024-12-31,178,184,362,สระบุรี
2024-12-31,157,151,308,เลย
2024-12-31,334,320,654,สุราษฎร์ธานี
2024-12-31,616,648,1264,นครราชสีมา
2024-12-31,453,412,865,ขอนแก่น
2024-12-31,106,100,206,น่าน
2024-12-31,26,25,51,สมุทรสงคราม
2024-12-31,282,212,494,นนทบุรี
2024-12-31,395,380,775,เชียงราย
2024-12-31,97,115,212,หนองบัวลำภู
2024-12-31,95,101,196,พะเยา
2024-12-31,162,129,291,นครพนม
2024-12-31,190,231,421,ชัยภูมิ
2024-12-31,92,89,181,พัทลุง
2024-12-31,113,111,224,สตูล
2024-12-31,88,78,166,อุตรดิตถ์
2024-12-31,397,422,819,สมุทรปราการ
2024-12-31,390,423,813,นราธิวาส
2024-12-31,336,332,668,ปัตตานี
2024-12-31,218,165,383,เพชรบูรณ์
2024-12-31,156,124,280,ประจวบคีรีขันธ์
2024-12-31,172,187,359,นครปฐม
2024-12-31,104,93,197,พิจิตร
2024-12-31,225,222,447,พิษณุโลก
2024-12-31,399,343,742,บุรีรัมย์
2024-12-31,50,59,109,ตราด
2024-12-31,222,188,410,พระนครศรีอยุธยา
2024-12-31,277,318,595,ศรีสะเกษ
2024-12-31,221,231,452,นครสวรรค์
2024-12-31,122,93,215,เพชรบุรี
2024-12-31,224,225,449,ร้อยเอ็ด
2024-12-31,108,142,250,กำแพงเพชร
2024-12-31,571,514,1085,เชียงใหม่
2024-12-31,34,41,75,ชัยนาท
2024-12-31,85,83,168,นครนายก
2024-12-31,109,82,191,สุโขทัย
2024-12-31,771,748,1519,ชลบุรี
2024-12-31,195,178,373,จันทบุรี
2024-12-31,212,201,413,ฉะเชิงเทรา
2024-12-31,252,245,497,กาญจนบุรี
2024-12-31,417,374,791,นครศรีธรรมราช
2024-12-31,186,140,326,กระบี่
2024-12-31,211,209,420,ภูเก็ต
2024-12-31,214,221,435,ราชบุรี
2024-12-31,210,228,438,สมุทรสาคร
2024-12-31,379,382,761,อุดรธานี
2024-12-31,161,138,299,ปราจีนบุรี
2024-12-31,377,302,679,ปทุมธานี
2024-12-31,108,102,210,ยโสธร
2024-12-31,73,70,143,แพร่
2024-12-31,163,166,329,ตรัง
2024-12-31,55,53,108,ระนอง
2024-12-31,63,67,130,อุทัยธานี
2024-12-31,290,313,603,สุรินทร์
2024-12-31,316,278,594,ระยอง
2024-12-31,167,157,324,มหาสารคาม
2024-12-31,50,61,111,พังงา
2024-12-31,86,100,186,มุกดาหาร
2024-12-31,101,99,200,ลำพูน
2024-12-31,120,118,238,หนองคาย
2024-12-31,161,118,279,ชุมพร
2024-12-31,141,147,288,ลพบุรี
2024-12-31,54,46,100,อ่างทอง
2024-12-31,472,450,922,สงขลา
2024-12-31,133,118,251,ลำปาง
2024-12-31,209,196,405,สุพรรณบุรี
2024-12-31,36,40,76,สิงห์บุรี
2024-12-31,155,151,306,กาฬสินธุ์
2024-12-31,157,135,292,สระแก้ว
2025-01-31,90,75,165,นครนายก
2025-01-31,2194,2035,4229,กรุงเทพมหานคร
2025-01-31,296,248,544,สกลนคร
2025-01-31,364,370,734,ยะลา
2025-01-31,161,129,290,ปราจีนบุรี
2025-01-31,260,192,452,ราชบุรี
2025-01-31,176,195,371,สุพรรณบุรี
2025-01-31,108,129,237,พิจิตร
2025-01-31,248,213,461,กาญจนบุรี
2025-01-31,202,191,393,ฉะเชิงเทรา
2025-01-31,174,143,317,กาฬสินธุ์
2025-01-31,412,403,815,นราธิวาส
2025-01-31,99,84,183,มุกดาหาร
2025-01-31,446,393,839,สมุทรปราการ
2025-01-31,410,380,790,ปัตตานี
2025-01-31,335,313,648,บุรีรัมย์
2025-01-31,632,582,1214,เชียงใหม่
2025-01-31,231,210,441,ร้อยเอ็ด
2025-01-31,192,196,388,พิษณุโลก
2025-01-31,150,170,320,สระแก้ว
2025-01-31,652,590,1242,นครราชสีมา
2025-01-31,150,127,277,นครพนม
2025-01-31,175,184,359,เพชรบูรณ์
2025-01-31,453,427,880,เชียงราย
2025-01-31,435,407,842,ขอนแก่น
2025-01-31,102,103,205,ลำปาง
2025-01-31,41,41,82,ชัยนาท
2025-01-31,106,117,223,แม่ฮ่องสอน
2025-01-31,197,172,369,จันทบุรี
2025-01-31,154,156,310,มหาสารคาม
2025-01-31,284,290,574,สุรินทร์
2025-01-31,202,194,396,พระนครศรีอยุธยา
2025-01-31,103,89,192,หนองบัวลำภู
2025-01-31,88,75,163,อุตรดิตถ์
2025-01-31,300,310,610,ระยอง
2025-01-31,190,165,355,สระบุรี
2025-01-31,66,57,123,ระนอง
2025-01-31,72,68,140,อุทัยธานี
2025-01-31,110,122,232,น่าน
2025-01-31,170,154,324,ลพบุรี
2025-01-31,209,146,355,กระบี่
2025-01-31,19,37,56,สมุทรสงคราม
2025-01-31,98,93,191,สตูล
2025-01-31,232,207,439,สมุทรสาคร
2025-01-31,100,86,186,สุโขทัย
2025-01-31,413,368,781,ปทุมธานี
2025-01-31,143,131,274,ชุมพร
2025-01-31,156,150,306,ประจวบคีรีขันธ์
2025-01-31,86,81,167,อำนาจเจริญ
2025-01-31,49,57,106,พังงา
2025-01-31,166,187,353,ตรัง
2025-01-31,555,520,1075,ตาก
2025-01-31,371,355,726,อุดรธานี
2025-01-31,78,74,152,ลำพูน
2025-01-31,134,110,244,หนองคาย
2025-01-31,314,302,616,ศรีสะเกษ
2025-01-31,498,476,974,สงขลา
2025-01-31,90,131,221,เพชรบุรี
2025-01-31,89,87,176,บึงกาฬ
2025-01-31,98,104,202,พัทลุง
2025-01-31,228,212,440,นครปฐม
2025-01-31,46,36,82,อ่างทอง
2025-01-31,383,371,754,นครศรีธรรมราช
2025-01-31,123,133,256,กำแพงเพชร
2025-01-31,264,246,510,นนทบุรี
2025-01-31,869,741,1610,ชลบุรี
2025-01-31,97,102,199,พะเยา
2025-01-31,319,309,628,สุราษฎร์ธานี
2025-01-31,58,48,106,ตราด
2025-01-31,45,41,86,สิงห์บุรี
2025-01-31,112,112,224,ยโสธร
2025-01-31,61,69,130,แพร่
2025-01-31,209,198,407,นครสวรรค์
2025-01-31,230,223,453,ชัยภูมิ
2025-01-31,151,146,297,เลย
2025-01-31,199,198,397,ภูเก็ต
2025-01-31,493,449,942,อุบลราชธานี
2025-02-28,184,176,360,ชัยภูมิ
2025-02-28,227,215,442,ศรีสะเกษ
2025-02-28,154,133,287,สระบุรี
2025-02-28,383,340,723,เชียงราย
2025-02-28,312,281,593,ปัตตานี
2025-02-28,176,196,372,พระนครศรีอยุธยา
2025-02-28,425,400,825,ตาก
2025-02-28,63,84,147,พะเยา
2025-02-28,1766,1624,3390,กรุงเทพมหานคร
2025-02-28,236,219,455,นนทบุรี
2025-02-28,368,371,739,สมุทรปราการ
2025-02-28,83,71,154,มุกดาหาร
2025-02-28,338,346,684,สงขลา
2025-02-28,101,94,195,เพชรบุรี
2025-02-28,43,55,98,อ่างทอง
2025-02-28,111,120,231,กำแพงเพชร
2025-02-28,641,576,1217,ชลบุรี
2025-02-28,383,350,733,อุบลราชธานี
2025-02-28,134,117,251,เลย
2025-02-28,38,58,96,แพร่
2025-02-28,512,483,995,นครราชสีมา
2025-02-28,313,273,586,อุดรธานี
2025-02-28,131,115,246,ปราจีนบุรี
2025-02-28,67,59,126,พิจิตร
2025-02-28,224,182,406,กาญจนบุรี
2025-02-28,95,84,179,ยโสธร
2025-02-28,77,76,153,อุตรดิตถ์
2025-02-28,248,210,458,ระยอง
2025-02-28,102,78,180,หนองคาย
2025-02-28,116,98,214,ลพบุรี
2025-02-28,15,19,34,สมุทรสงคราม
2025-02-28,83,87,170,สตูล
2025-02-28,104,102,206,ชุมพร
2025-02-28,116,129,245,ประจวบคีรีขันธ์
2025-02-28,300,302,602,ยะลา
2025-02-28,46,56,102,อุทัยธานี
2025-02-28,74,96,170,ลำปาง
2025-02-28,149,134,283,กาฬสินธุ์
2025-02-28,69,79,148,นครนายก
2025-02-28,53,41,94,พังงา
2025-02-28,68,50,118,อำนาจเจริญ
2025-02-28,303,303,606,ปทุมธานี
2025-02-28,77,82,159,สุโขทัย
2025-02-28,214,210,424,สกลนคร
2025-02-28,470,412,882,เชียงใหม่
2025-02-28,274,242,516,บุรีรัมย์
2025-02-28,197,201,398,ราชบุรี
2025-02-28,116,111,227,นครพนม
2025-02-28,79,89,168,น่าน
2025-02-28,361,388,749,ขอนแก่น
2025-02-28,38,41,79,ตราด
2025-02-28,181,184,365,ร้อยเอ็ด
2025-02-28,74,90,164,หนองบัวลำภู
2025-02-28,69,61,130,ลำพูน
2025-02-28,241,222,463,สุรินทร์
2025-02-28,152,105,257,มหาสารคาม
2025-02-28,118,138,256,แม่ฮ่องสอน
2025-02-28,199,156,355,ภูเก็ต
2025-02-28,156,149,305,พิษณุโลก
2025-02-28,271,243,514,สุราษฎร์ธานี
2025-02-28,39,27,66,ชัยนาท
2025-02-28,191,163,354,สุพรรณบุรี
2025-02-28,88,69,157,บึงกาฬ
2025-02-28,97,69,166,พัทลุง
2025-02-28,135,137,272,เพชรบูรณ์
2025-02-28,130,118,248,สระแก้ว
2025-02-28,42,48,90,สิงห์บุรี
2025-02-28,178,179,357,ฉะเชิงเทรา
2025-02-28,173,173,346,นครสวรรค์
2025-02-28,174,169,343,จันทบุรี
2025-02-28,175,152,327,นครปฐม
2025-02-28,299,282,581,นครศรีธรรมราช
2025-02-28,50,33,83,ระนอง
2025-02-28,135,130,265,กระบี่
2025-02-28,187,182,369,สมุทรสาคร
2025-02-28,135,128,263,ตรัง
2025-02-28,344,323,667,นราธิวาส
2025-03-31,55,61,116,แพร่
2025-03-31,386,353,739,นราธิวาส
2025-03-31,317,274,591,อุดรธานี
2025-03-31,80,68,148,นครนายก
2025-03-31,184,189,373,ภูเก็ต
2025-03-31,92,67,159,บึงกาฬ
2025-03-31,758,681,1439,ชลบุรี
2025-03-31,40,34,74,ชัยนาท
2025-03-31,309,287,596,สุราษฎร์ธานี
2025-03-31,384,361,745,นครศรีธรรมราช
2025-03-31,359,347,706,เชียงราย
2025-03-31,209,195,404,ราชบุรี
2025-03-31,390,362,752,ขอนแก่น
2025-03-31,240,221,461,กาญจนบุรี
2025-03-31,216,176,392,นครสวรรค์
2025-03-31,91,72,163,มุกดาหาร
2025-03-31,96,81,177,พะเยา
2025-03-31,166,148,314,เพชรบูรณ์
2025-03-31,222,177,399,ชัยภูมิ
2025-03-31,147,131,278,สระแก้ว
2025-03-31,38,44,82,สิงห์บุรี
2025-03-31,54,38,92,ระนอง
2025-03-31,190,168,358,สระบุรี
2025-03-31,2070,1817,3887,กรุงเทพมหานคร
2025-03-31,367,338,705,ยะลา
2025-03-31,163,147,310,กระบี่
2025-03-31,59,54,113,พังงา
2025-03-31,145,154,299,ประจวบคีรีขันธ์
2025-03-31,246,217,463,สกลนคร
2025-03-31,141,126,267,นครพนม
2025-03-31,123,126,249,ชุมพร
2025-03-31,152,109,261,ลพบุรี
2025-03-31,69,78,147,อำนาจเจริญ
2025-03-31,100,94,194,หนองบัวลำภู
2025-03-31,138,99,237,แม่ฮ่องสอน
2025-03-31,80,52,132,อุทัยธานี
2025-03-31,110,77,187,ยโสธร
2025-03-31,154,143,297,ปราจีนบุรี
2025-03-31,78,97,175,น่าน
2025-03-31,129,99,228,เพชรบุรี
2025-03-31,53,55,108,ตราด
2025-03-31,578,543,1121,นครราชสีมา
2025-03-31,297,264,561,ระยอง
2025-03-31,343,287,630,บุรีรัมย์
2025-03-31,83,57,140,อุตรดิตถ์
2025-03-31,331,291,622,ปทุมธานี
2025-03-31,498,469,967,เชียงใหม่
2025-03-31,187,173,360,ฉะเชิงเทรา
2025-03-31,73,79,152,ลำพูน
2025-03-31,174,158,332,จันทบุรี
2025-03-31,110,99,209,พิจิตร
2025-03-31,441,362,803,สมุทรปราการ
2025-03-31,155,140,295,มหาสารคาม
2025-03-31,263,250,513,สุรินทร์
2025-03-31,162,165,327,ตรัง
2025-03-31,282,253,535,ศรีสะเกษ
2025-03-31,130,137,267,เลย
2025-03-31,442,411,853,อุบลราชธานี
2025-03-31,165,144,309,กาฬสินธุ์
2025-03-31,166,176,342,สุพรรณบุรี
2025-03-31,265,243,508,นนทบุรี
2025-03-31,108,113,221,หนองคาย
2025-03-31,90,90,180,สุโขทัย
2025-03-31,435,408,843,สงขลา
2025-03-31,24,20,44,สมุทรสงคราม
2025-03-31,106,86,192,สตูล
2025-03-31,87,88,175,พัทลุง
2025-03-31,210,182,392,ร้อยเอ็ด
2025-03-31,174,182,356,นครปฐม
2025-03-31,136,117,253,กำแพงเพชร
2025-03-31,513,451,964,ตาก
2025-03-31,215,195,410,พระนครศรีอยุธยา
2025-03-31,344,312,656,ปัตตานี
2025-03-31,200,184,384,พิษณุโลก
2025-03-31,99,84,183,ลำปาง
2025-03-31,59,47,106,อ่างทอง
2025-03-31,218,194,412,สมุทรสาคร
2025-04-30,156,147,303,กระบี่
2025-04-30,158,159,317,กาฬสินธุ์
2025-04-30,198,188,386,จันทบุรี
2025-04-30,57,51,108,ระนอง
2025-04-30,53,33,86,สิงห์บุรี
2025-04-30,195,186,381,ฉะเชิงเทรา
2025-04-30,212,189,401,สุพรรณบุรี
2025-04-30,162,150,312,สระแก้ว
2025-04-30,101,94,195,ลำปาง
2025-04-30,247,214,461,นครสวรรค์
2025-04-30,211,212,423,ชัยภูมิ
2025-04-30,118,111,229,หนองคาย
2025-04-30,218,235,453,สมุทรสาคร
2025-04-30,53,56,109,พังงา
2025-04-30,73,69,142,อำนาจเจริญ
2025-04-30,355,326,681,ปทุมธานี
2025-04-30,292,234,526,นนทบุรี
2025-04-30,381,349,730,เชียงราย
2025-04-30,93,80,173,บึงกาฬ
2025-04-30,110,104,214,พัทลุง
2025-04-30,226,226,452,นครปฐม
2025-04-30,407,384,791,นครศรีธรรมราช
2025-04-30,387,405,792,นราธิวาส
2025-04-30,203,206,409,ภูเก็ต
2025-04-30,176,166,342,พิษณุโลก
2025-04-30,313,289,602,บุรีรัมย์
2025-04-30,339,307,646,สุราษฎร์ธานี
2025-04-30,36,41,77,ชัยนาท
2025-04-30,150,158,308,ตรัง
2025-04-30,60,44,104,ตราด
2025-04-30,87,89,176,นครนายก
2025-04-30,93,87,180,ลำพูน
2025-04-30,140,152,292,มหาสารคาม
2025-04-30,118,104,222,แม่ฮ่องสอน
2025-04-30,275,253,528,สุรินทร์
2025-04-30,94,86,180,หนองบัวลำภู
2025-04-30,82,74,156,น่าน
2025-04-30,219,230,449,ร้อยเอ็ด
2025-04-30,521,468,989,เชียงใหม่
2025-04-30,128,121,249,นครพนม
2025-04-30,238,257,495,สกลนคร
2025-04-30,104,96,200,สุโขทัย
2025-04-30,223,228,451,ราชบุรี
2025-04-30,405,394,799,ขอนแก่น
2025-04-30,170,161,331,เพชรบูรณ์
2025-04-30,146,132,278,เลย
2025-04-30,353,390,743,ยะลา
2025-04-30,476,442,918,สมุทรปราการ
2025-04-30,77,80,157,อุทัยธานี
2025-04-30,735,699,1434,ชลบุรี
2025-04-30,143,155,298,ประจวบคีรีขันธ์
2025-04-30,295,292,587,ระยอง
2025-04-30,127,131,258,กำแพงเพชร
2025-04-30,189,184,373,พระนครศรีอยุธยา
2025-04-30,249,241,490,กาญจนบุรี
2025-04-30,607,593,1200,นครราชสีมา
2025-04-30,111,97,208,สตูล
2025-04-30,361,287,648,อุดรธานี
2025-04-30,147,134,281,ชุมพร
2025-04-30,474,455,929,อุบลราชธานี
2025-04-30,29,23,52,สมุทรสงคราม
2025-04-30,64,52,116,แพร่
2025-04-30,115,86,201,เพชรบุรี
2025-04-30,152,116,268,ลพบุรี
2025-04-30,466,444,910,ตาก
2025-04-30,1955,1778,3733,กรุงเทพมหานคร
2025-04-30,113,109,222,พิจิตร
2025-04-30,94,87,181,พะเยา
2025-04-30,118,97,215,ยโสธร
2025-04-30,280,258,538,ศรีสะเกษ
2025-04-30,503,478,981,สงขลา
2025-04-30,184,180,364,สระบุรี
2025-04-30,374,380,754,ปัตตานี
2025-04-30,89,70,159,อุตรดิตถ์
2025-04-30,65,53,118,อ่างทอง
2025-04-30,84,95,179,มุกดาหาร
2025-04-30,170,144,314,ปราจีนบุรี
2025-05-31,53,52,105,แพร่
2025-05-31,248,214,462,กาญจนบุรี
2025-05-31,317,324,641,อุดรธานี
2025-05-31,111,86,197,พิจิตร
2025-05-31,149,136,285,มหาสารคาม
2025-05-31,209,211,420,ราชบุรี
2025-05-31,99,77,176,นครนายก
2025-05-31,64,72,136,ลำพูน
2025-05-31,144,140,284,ปราจีนบุรี
2025-05-31,533,531,1064,นครราชสีมา
2025-05-31,406,400,806,ขอนแก่น
2025-05-31,337,305,642,สุราษฎร์ธานี
2025-05-31,175,145,320,กาฬสินธุ์
2025-05-31,61,76,137,มุกดาหาร
2025-05-31,244,236,480,นนทบุรี
2025-05-31,335,298,633,เชียงราย
2025-05-31,98,88,186,บึงกาฬ
2025-05-31,107,77,184,พัทลุง
2025-05-31,493,431,924,สงขลา
2025-05-31,45,51,96,อ่างทอง
2025-05-31,207,213,420,นครปฐม
2025-05-31,120,102,222,เพชรบุรี
2025-05-31,414,389,803,นครศรีธรรมราช
2025-05-31,199,197,396,ภูเก็ต
2025-05-31,800,702,1502,ชลบุรี
2025-05-31,52,47,99,ตราด
2025-05-31,187,148,335,พิษณุโลก
2025-05-31,332,293,625,บุรีรัมย์
2025-05-31,437,405,842,อุบลราชธานี
2025-05-31,35,50,85,ชัยนาท
2025-05-31,138,109,247,กำแพงเพชร
2025-05-31,218,203,421,ร้อยเอ็ด
2025-05-31,257,285,542,สุรินทร์
2025-05-31,178,186,364,จันทบุรี
2025-05-31,137,142,279,ประจวบคีรีขันธ์
2025-05-31,66,50,116,ระนอง
2025-05-31,40,37,77,สิงห์บุรี
2025-05-31,184,167,351,สระบุรี
2025-05-31,378,363,741,ยะลา
2025-05-31,196,184,380,ฉะเชิงเทรา
2025-05-31,179,189,368,สุพรรณบุรี
2025-05-31,1938,1798,3736,กรุงเทพมหานคร
2025-05-31,170,149,319,สระแก้ว
2025-05-31,185,159,344,เพชรบูรณ์
2025-05-31,428,414,842,สมุทรปราการ
2025-05-31,382,318,700,ปัตตานี
2025-05-31,104,103,207,ลำปาง
2025-05-31,200,176,376,นครสวรรค์
2025-05-31,218,194,412,ชัยภูมิ
2025-05-31,530,435,965,ตาก
2025-05-31,115,91,206,หนองคาย
2025-05-31,268,253,521,ศรีสะเกษ
2025-05-31,232,186,418,สมุทรสาคร
2025-05-31,105,106,211,แม่ฮ่องสอน
2025-05-31,216,210,426,พระนครศรีอยุธยา
2025-05-31,162,153,315,กระบี่
2025-05-31,119,116,235,เลย
2025-05-31,92,88,180,อุตรดิตถ์
2025-05-31,87,103,190,หนองบัวลำภู
2025-05-31,92,90,182,น่าน
2025-05-31,91,73,164,พะเยา
2025-05-31,514,487,1001,เชียงใหม่
2025-05-31,76,75,151,อำนาจเจริญ
2025-05-31,97,93,190,ยโสธร
2025-05-31,82,62,144,อุทัยธานี
2025-05-31,97,95,192,สุโขทัย
2025-05-31,139,143,282,นครพนม
2025-05-31,228,222,450,สกลนคร
2025-05-31,299,296,595,ระยอง
2025-05-31,23,23,46,สมุทรสงคราม
2025-05-31,145,144,289,ลพบุรี
2025-05-31,338,324,662,ปทุมธานี
2025-05-31,153,145,298,ตรัง
2025-05-31,128,146,274,ชุมพร
2025-05-31,62,55,117,พังงา
2025-05-31,108,104,212,สตูล
2025-05-31,391,375,766,นราธิวาส
